3572
2664
1062
1848
7213
1817
8576
1547
9908
298
1265
9900
5972
1632
8047
8634
2648
8326
7022
2382
963
6365
8369
4070
676
2959
9894
1739
6483
3122
6298
577
5139
6415
8138
6529
6201
1804
7935
8008
1385
279
4727
1445
2030
2735
6865
196
1586
9777
3274
1648
1560
7139
5114
8471
1447
1904
2531
9270
4697
8490
3952
100
9966
8541
2215
1051
351
2235
9213
5530
9862
4896
5699
9637
1272
1521
2409
8847
9994
6979
9554
7687
3389
2334
7655
8316
8456
7185
8905
8011
8197
182
3735
1630
9773
2070
694
1409
4348
1729
1986
9110
6834
9546
6171
2223
340
8604
1029
1610
4573
3131
2338
2667
2599
7223
5598
206
2858
9048
9229
3805
1474
6323
6705
8475
4539
8668
7426
1479
3040
9449
8663
9715
7591
9324
4583
2078
9873
2378
201
5306
4112
9420
5615
9412
9983
3152
4151
3948
4072
7433
168
6552
9196
1109
1226
5439
799
7982
8237
7496
3160
7868
4482
4285
1208
721
8591
4425
4091
7315
7470
8260
126
2900
4292
4798
8207
6488
8590
1909
2540
3680
4840
4037
6196
9285
6788
6069
3346
8297
5408
8044
8841
8300
282
4027
9492
5455
2299
2374
7385
1194
3211
9236
684
1379
8020
4651
109
9669
2548
6901
2490
8821
3868
4695
9187
6138
4655
5411
758
355
4906
2360
8862
4310
4205
1651
799
6636
1794
1389
8790
6815
635
1268
9351
5769
7373
8855
5937
8445
6969
470
6411
815
6034
3784
9523
270
9982
7249
4350
1827
203
2036
9405
1069
8283
5837
7281
4308
6848
9292
7508
5815
1314
4420
6241
4969
431
5177
5045
9114
1152
1196
7816
4551
4864
1685
3198
827
7993
1337
277
1781
8463
8252
1295
6001
6323
6768
6578
8207
9209
1782
1855
377
4123
3669
9733
2041
3436
6505
9728
1281
7233
867
1240
1846
332
2189
1909
5795
3979
4465
9136
7275
3293
2838
2764
8131
3257
599
7356
4993
9844
2450
320
8763
3534
9318
9225
1447
133
847
6918
2336
7415
5535
5011
6976
1632
385
936
5412
4358
9392
6365
8468
284
2743
9449
4268
4088
4988
2070
8261
3405
1708
6032
1479
9619
6584
2377
107
5192
1329
2663
1271
2262
7226
2947
2846
1638
305
8492
1520
88
2084
2902
6273
4244
1742
6100
1765
2179
4623
6965
8530
6523
618
2288
7882
5277
478
3403
4632
788
3433
1475
6568
2408
9468
2656
2061
7974
7277
7431
979
488
1071
7942
238
897
9789
3165
1289
8199
1872
8247
481
7810
5362
8738
628
717
4752
4773
5800
23
7760
1447
1074
1318
4524
8301
2445
7473
2804
5252
3959
7710
8089
4468
9603
3480
895
7445
9581
8409
6132
6972
4024
4032
1709
3491
2929
35
9127
9983
8548
5210
28
3610
5423
8056
6164
1241
4925
7895
2455
9624
9471
6737
8079
6488
536
1678
2489
8670
8394
1908
5537
1397
7698
2231
3317
8245
8536
4634
4826
788
274
641
1081
869
5260
4516
6889
453
8419
1740
7975
7325
8775
8152
8547
9034
8899
8864
1589
8450
1092
6156
6962
4627
2498
7604
8961
392
7280
8745
1811
2731
2540
4297
9641
9069
602
5428
7941
2110
6005
5197
5168
5307
1974
2605
7440
8161
1951
387
330
8567
3290
3148
6014
9729
824
93
9770
9208
4004
9436
1544
2381
3835
8902
4021
3161
6484
1117
9298
8941
7693
1961
489
7930
2481
6343
4207
947
2176
8052
5970
2678
9439
8777
2571
3560
294
6092
4758
5839
5161
2134
4226
92
2339
862
7657
2744
8485
1979
5203
7461
417
1121
5513
1425
1489
1210
9800
2733
690
8404
883
9083
4539
703
9716
9532
2692
3971
5294
4370
2217
2337
8794
6186
3165
3040
9101
3113
1023
4003
3111
9681
8044
2039
1401
2199
738
3591
3904
2644
3834
8909
9801
9016
4136
483
2033
3784
3962
3024
632
3527
9949
5608
5686
5831
2822
5804
7554
3148
3536
6014
268
1400
1364
7763
9969
8535
809
3761
7712
832
9345
6250
8103
58
7087
4210
8376
6247
6982
7289
9615
3914
9210
1404
4079
6926
3040
4915
6280
7429
1535
9670
8838
9443
3631
5025
2617
6119
62
2061
5620
5707
1889
1855
757
8260
5557
1868
3569
3401
9846
4489
6204
6305
8634
955
4650
1156
9717
9171
1955
2410
6607
2222
6306
8891
3963
5304
8635
8048
169
8905
1822
9468
8591
5306
7855
3249
2259
7982
1173
1694
6522
9856
7776
3350
2931
3854
1285
8470
145
2763
3611
6427
2589
996
7839
1379
2233
9294
2427
2057
3349
3062
955
5337
7974
6461
7368
4827
3217
2671
6253
2422
6199
4013
3004
7871
4591
8053
7667
9835
2371
4626
2633
3511
4927
1675
2867
1275
4181
8606
3520
524
658
612
4686
4796
1019
6096
4094
2965
7766
1655
5373
1315
2229
5096
6738
4565
2181
3280
7919
2775
7547
2911
5527
6810
6844
7246
2327
2262
8008
2364
1030
5999
2642
8758
7891
350
105
4206
9013
9514
254
3485
8307
1715
4895
7686
653
8304
4814
3156
432
308
9281
2218
6681
6874
2110
9060
5888
6282
8841
3379
1958
2905
4215
2004
9713
1060
2836
9999
9924
962
9404
6781
1857
4166
6934
5583
9841
8598
4911
1368
2335
6477
3637
6363
75
8898
573
8534
1958
771
1498
3672
1188
311
8074
456
5264
1479
5447
9132
9750
3972
3421
8522
8804
8528
6954
9035
684
6834
2676
4438
5024
9111
5319
5610
3104
5481
2624
5448
4919
2488
9438
1719
430
220
7459
7050
1161
7185
6633
2008
9297
9847
2118
5758
657
2921
4316
4742
8514
7336
4389
1716
334
4298
1483
2207
7221
6629
1965
4121
8946
3679
1335
7974
7573
6511
1688
320
8290
4776
9251
2716
8961
9001
5854
1137
435
6491
4249
4147
2716
3541
2405
8156
4372
1917
3453
4850
7293
4225
80
2763
5895
385
2795
9339
4563
2174
5095
1635
737
7411
3086
9032
2550
313
2765
7374
5420
2168
4440
2381
6096
9055
1330
1537
7508
107
2242
1449
5012
322
4530
6888
4651
4137
3588
9171
4000
1433
852
2427
1333
8207
3148
9003
7937
9013
4304
5543
570
5617
2270
3788
8281
2124
7376
6950
554
8027
5794
3602
2721
8853
6183
7606
2838
5788
410
2803
836
6563
5445
2494
2701
2366
315
8832
6405
7733
759
6792
3410
1816
3752
4692
6783
8406
1769
6135
4124
5863
8980
414
5117
3916
6456
3331
9582
1681
6889
4786
2379
1066
374
8937
2378
588
7923
6704
1591
9279
4674
7862
1901
4007
2890
2338
6999
8195
4580
9845
9268
352
3600
1914
2015
4257
73
9136
7213
9187
9106
6119
6584
7562
5981
7217
462
7356
6235
2783
3960
8331
7429
2797
8276
3687
2317
8717
3914
3663
3657
2721
1305
963
5618
106
1116
495
6781
9097
2333
9464
1778
1487
998
3306
387
5631
7494
9887
5207
8155
2920
6978
951
9538
3501
1674
4364
2267
7637
2684
158
9479
9824
953
3454
684
6945
6186
690
8422
3042
1926
7612
3086
1051
5730
7790
8070
3810
7476
6197
8649
1937
1948
481
7793
47
5985
3816
645
8920
6715
3027
7660
2085
4603
9695
9616
4677
3996
929
5151
3414
4253
2416
6796
4529
4139
168
2966
7427
4919
3018
6543
2364
143
1801
1165
3591
9485
1329
721
5344
5676
5573
4877
5153
9981
6616
5491
4605
9531
4410
2919
9025
6203
5517
4947
7101
5245
5578
2641
6155
8031
3646
569
7908
339
8480
3326
9607
5003
8313
287
5138
8601
7830
9870
2057
3415
7895
4415
9379
7505
2412
2668
4186
4735
9346
1851
4025
401
2616
6723
3778
886
5753
1436
2923
3191
8449
5249
1246
4687
2042
171
6123
9163
4198
8680
98
2258
2431
4468
6765
39
8466
934
1947
6126
8789
8268
8448
3900
3196
432
51
6881
1172
6306
1356
7818
9133
9036
4221
6180
2254
3831
6765
1207
6864
2948
4254
2122
7758
1890
9654
2193
2179
2616
9627
4912
1194
6938
1394
6375
7009
4593
9000
9373
1429
8788
2271
6920
6793
9618
4686
911
5610
4998
2358
458
8557
9911
4827
7936
6630
7664
3285
2606
941
7154
510
6655
2543
4289
719
8637
2587
4563
6145
3802
4981
7236
9855
6136
8238
9233
3065
1337
2938
1086
4375
44
2551
4108
9798
4594
3203
1985
787
8383
3743
7876
3861
703
1271
5961
7690
8898
9009
2358
220
5577
4445
928
6173
2979
3587
8481
2986
8171
288
5965
5583
3264
3728
8445
4179
9075
4089
1505
406
2975
1831
5415
8735
1900
9983
9577
397
13
367
1768
1459
2185
2134
3885
2886
2371
3505
791
7876
3150
9578
2713
2163
2529
9220
1418
6193
8319
7299
2086
2743
2773
2525
472
1868
8879
971
6442
4818
9483
2364
4945
7129
1082
52
1047
9537
9403
4732
5195
4367
4567
713
9160
5416
3189
2234
8835
1087
5823
537
6042
3518
6042
9222
4876
2556
4058
694
2607
4813
9444
8478
2402
4935
9040
1603
7631
788
8278
9026
789
7831
3441
9471
4050
6233
6937
6525
2092
4560
1635
1200
4901
3570
8452
330
521
539
5355
8070
5047
3833
4970
2736
6428
6854
1089
2649
1477
892
3371
4217
9504
5139
112
2377
8112
624
1167
1920
8192
4865
3006
8086
2172
8861
316
3107
2137
4292
7237
6176
2712
5978
248
8007
436
3597
522
3213
6233
7516
3698
4214
6099
4665
7649
9065
5757
5250
5154
8797
6963
5170
2031
5212
5050
7702
6590
2582
7285
9322
9668
2257
6535
2172
6874
9407
6205
4614
4417
3015
8170
5150
2916
7942
6467
3521
5673
7152
8908
6359
2809
5308
8304
1205
773
5231
2709
9057
2398
4337
6359
7110
6399
3249
8368
1225
3842
3659
4520
855
877
3172
1069
6171
2091
398
1034
7557
2065
5658
406
2554
8220
8454
477
1908
3376
3253
8008
5951
273
25
878
7873
2205
5781
4808
2594
4797
5269
5587
2008
9030
22
7930
838
9691
2659
5827
1354
1261
6057
5076
5856
1814
243
1812
2188
1185
1317
5786
350
9094
7378
1374
563
2887
645
8904
2563
783
2052
8623
3734
6261
1304
5431
3472
8829
8051
5232
3769
7660
8461
1424
5105
5257
4297
3470
6751
393
5627
2864
2752
673
6377
7799
8404
2502
5565
152
2535
254
9605
9501
1489
3745
4449
9473
7337
7257
1505
940
4095
4979
8202
2704
7030
1027
6483
4975
743
9922
2076
6981
5363
4236
5844
1874
7822
1663
7953
33
4562
8012
2362
5865
1173
3682
1052
7930
2521
7370
2970
240
4187
7961
4775
8619
3476
7306
1511
5919
6348
6952
6254
622
8920
3641
5147
6455
2277
9241
9387
6473
3050
85
5309
6491
187
6530
7931
2367
8705
4499
1234
3253
3580
9605
1840
5322
5883
1382
4636
5962
1714
747
2383
9958
337
1866
6966
8930
1201
9601
1138
3850
1995
3323
1207
218
7434
3769
7771
6326
1744
3087
101
8462
8840
1171
8280
8181
9099
6253
1661
3126
968
538
2673
373
8886
348
1759
7815
2764
3661
1406
1289
6044
3039
1661
1485
554
3435
1246
2565
7087
4982
4981
8888
2503
3238
1610
1779
7565
1255
1696
8268
2500
2106
732
9235
3426
4113
8828
4462
3873
6131
5319
8833
2197
893
527
4800
8690
9060
4902
7528
2535
9440
3534
8681
8610
9114
1805
7153
8077
3137
9931
2307
6205
9494
4334
355
701
1116
5252
288
5699
4447
2165
8506
9808
1483
8794
3030
6955
5193
3268
9636
1012
355
2263
2055
2702
5893
5767
77
5314
8815
3802
4531
710
530
3707
1239
5341
6723
1425
2309
5387
5364
931
1545
1646
1282
4175
9113
1966
180
2272
3764
556
6269
5450
6063
6293
1697
1797
4490
1840
9847
2355
7058
7856
4070
6010
9661
1563
5411
1049
7608
1586
8368
3058
5643
1777
4169
8751
8817
4606
621
7539
6766
2625
8653
3452
3348
2398
8436
654
1833
7044
9671
2416
9307
6510
4462
2564
8786
1470
1825
8374
1629
1679
2260
5858
7702
442
8665
6856
3509
6201
6906
6088
1944
7204
5329
7175
9393
2771
3510
2790
4472
963
1891
6885
9063
1514
5372
4386
6526
2286
786
8192
2652
1789
1340
1863
6605
240
697
4428
7390
2344
4919
2929
9054
455
7054
8067
2506
665
877
55
2279
5992
7522
3678
9706
1976
432
9418
7
821
695
1373
1787
9538
929
536
2159
594
3601
9658
4726
2893
9864
8939
9828
900
3698
3653
1071
5310
7226
6760
8817
2406
9453
2319
1918
213
8122
9767
5572
1773
1183
6570
7449
1284
136
8269
1678
7106
2585
2340
913
914
9671
219
9687
9413
828
9242
7359
196
1321
5845
1328
73
5214
4580
4749
2806
4120
7231
482
487
2697
1273
9179
4894
3566
83
632
2200
267
51
5883
3743
6061
4268
8793
4750
363
6213
2648
321
4666
8242
1804
6744
5275
1077
75
2310
6189
3305
9509
9134
6919
755
9349
4199
7907
4522
2001
6191
6670
8150
7931
1918
7311
1043
996
789
7156
3730
4879
8359
2545
3513
8685
5290
9212
5733
9845
8312
4821
881
8344
2239
9108
834
7637
7303
7046
465
2450
1741
6458
3595
950
249
4422
1900
6599
8236
7935
9797
6526
2306
8506
3681
9625
935
4011
7490
4365
838
7062
8073
190
506
4697
3405
7613
8277
4188
7548
7861
6638
1702
1133
8901
7809
2187
3417
3407
1203
4069
4668
5662
7844
2648
4931
8731
4026
6830
4128
4014
4188
5450
8863
6405
8701
9290
8142
4617
2697
799
1270
3326
6550
1879
3289
5812
4113
6424
807
152
8930
9869
2968
8723
7678
567
3142
2086
2790
6701
3976
2001
4156
9080
5222
5856
2235
7602
794
5121
4876
2132
5123
3158
2265
2813
1425
6838
2948
6736
1740
2016
7476
5985
1574
9447
7726
1645
1120
9464
5049
7297
3141
7134
2513
5302
521
8330
6114
1754
425
5661
7865
1700
1230
8118
1400
8796
7455
4439
6834
988
8050
1687
3551
8773
3436
7171
935
6290
3071
5379
9269
2466
9337
1051
9767
2494
5057
8361
5988
4041
1111
8371
8978
1275
1408
5417
2216
3225
1069
9436
2556
5305
4028
10
8988
935
4819
6827
6227
401
1188
5267
744
694
2527
992
3454
55
1587
4165
7102
1395
5770
8220
1504
1946
7168
7010
861
9678
799
2716
7347
2361
2600
8108
5203
872
2528
652
1257
1965
3533
6546
8181
5111
8755
1495
4321
1175
4264
3178
2580
2629
630
3007
7471
7533
4180
8540
308
8071
195
8002
8232
329
1914
2489
1502
6101
3920
2012
5185
8930
3390
8610
9878
3485
133
5464
1852
1772
6937
4812
7906
3960
6937
3366
404
5645
578
4861
4179
6790
4410
1848
2680
3933
4282
4411
7839
8774
2423
1571
3142
5798
8209
4542
9251
993
3796
8635
2560
4317
380
2165
3679
1775
4774
5527
2570
4912
362
47
1213
3333
849
1936
7957
3392
6180
7109
5461
