23339
2445
22796
25995
28228
11240
1090
15702
10722
16974
11914
6729
4839
19947
25845
25477
2300
12432
16284
22543
31015
25851
18646
10541
7839
3160
25775
5139
17887
29960
19606
16062
17913
32416
29526
23585
9261
32565
25928
23423
5562
3543
30918
10008
21492
22107
25314
13831
30359
23134
1112
30059
18523
17286
706
19653
18888
11019
523
16801
22092
31350
4646
32377
8075
18857
9472
16598
29430
24096
8371
29368
32159
12150
25084
29496
587
5419
17135
21100
13769
420
31209
1163
13699
28275
25799
20561
19539
24025
5205
31909
31128
5513
11273
378
28296
30383
27122
16371
