23430
8488
31473
11640
22124
22884
22702
32043
14295
8669
7773
7962
2136
24492
24633
19424
32308
4051
2008
25873
22969
565
13078
10342
23506
17894
32591
7706
2778
10917
5329
18067
14766
31655
1680
19269
1286
22423
23068
14036
15109
18906
19409
30840
24846
2327
9037
13990
19418
32503
11304
13549
32199
32041
9951
20766
16243
17322
17936
23471
9866
15427
3053
20321
32476
3923
7147
11297
18867
30158
21690
31020
18275
27782
18042
12919
16162
11433
22828
9550
31002
3467
14182
59
7869
13222
20811
6697
30041
12512
3003
13513
9964
31244
28615
15925
3385
21938
28264
21972
13083
10259
3184
6269
26
16488
2752
30687
16956
2923
24252
8480
2589
20248
3836
14020
3394
21429
18500
25041
683
7696
16055
32304
11687
7944
12103
26199
2797
31822
5488
8741
21479
22125
26918
32013
19537
12296
30988
18295
3587
23139
13542
18275
18187
2854
31825
7248
7679
32605
17842
6748
12434
20418
12652
24748
24676
23103
23894
12046
25119
25775
3180
16093
17087
23781
30404
8998
22321
23023
21956
29704
18976
17051
147
18785
15372
15675
11469
18599
10652
19622
10107
18963
3125
15999
6722
22789
26827
20154
12506
5028
16631
9307
12994
11716
6730
2945
25906
6926
4066
4260
18770
9306
8762
24859
2729
27744
14662
5345
12760
10128
3264
17816
28552
2878
26301
5838
5025
14338
29827
4992
1212
9055
6558
1244
19420
17570
31025
9803
2136
2317
10635
23215
24604
21301
17914
18153
16402
2473
21220
30111
218
30932
10259
26684
17345
3109
21841
14648
7153
8813
13621
13209
22501
392
8764
954
32544
11583
539
25931
22559
9581
6996
29337
2700
20321
26888
30991
12724
3716
24844
30461
29499
20539
24639
9881
28174
3855
12570
14916
5530
4364
24712
11790
19772
25958
21752
21115
22520
25955
23473
29832
28781
15476
8294
18153
7432
15269
17163
28821
5241
31800
32743
25732
18019
5517
7657
26295
23640
27206
5951
25210
18180
20648
12325
30182
11176
6723
28667
22185
17867
16085
12443
29706
4396
11884
14313
31271
20474
3787
4012
6785
16711
26639
3996
15803
7099
1170
19899
671
8325
2064
26857
11874
23191
520
25011
29225
24083
32613
30061
10699
7168
24414
12160
30681
7746
28571
9476
25308
16329
5017
3730
22493
13576
31567
13395
13867
30889
11538
24669
18520
28799
26294
19264
20101
24252
6646
14043
32223
29540
2069
11125
6506
4609
16582
2825
2046
8089
2122
28384
2959
27869
26840
869
32177
4259
29505
22070
13658
18070
29396
19063
31210
9772
6271
10091
10090
17881
24888
30021
26641
7811
15259
7227
9997
17205
12501
31197
8320
16663
5312
24741
13000
15262
335
13775
21763
6400
8493
8554
22226
21227
3489
1200
19806
16246
17333
10899
20889
26200
29847
26264
29639
13911
13631
5608
2108
12036
20818
13989
12647
21158
17735
2426
19215
29812
9160
29046
6877
14087
27227
1562
27163
20238
2369
2992
27835
24132
8862
17887
6555
31391
17627
22653
22535
13770
9289
10916
9856
14550
6151
8
7867
18477
24101
15495
31469
17351
27401
1538
70
30624
18450
14444
29371
20585
17788
24608
30217
18557
900
11896
32759
8472
5836
7323
16347
15299
19456
12438
8031
10259
20154
6319
16517
14739
14243
4341
7401
14847
17884
18204
10823
2995
18332
12424
10300
20578
30234
1704
31569
26635
18605
23941
14645
23593
817
2203
19018
2859
942
16871
17507
10275
4916
18241
25293
25282
15881
25068
16268
19332
30471
3180
12774
18472
2623
10903
30246
11363
8930
2031
666
19157
26722
4143
11742
4668
30420
30244
2652
2792
13977
15550
6932
18543
22333
22119
17817
9121
29087
20115
9564
20670
5458
12697
9261
9703
17732
9921
31743
9683
10141
28830
1516
8899
27882
18334
31353
3512
12923
17119
1818
17891
25609
17220
23801
31837
24733
5321
7411
24
26284
14867
17635
1558
2951
5708
548
16856
16883
26925
3409
25114
13331
20828
29519
17853
29839
18681
28558
32005
19183
20595
15243
27396
8008
15265
30618
6998
18715
21774
4322
8207
17786
19348
18601
3058
6252
7724
16594
23780
23955
31236
12707
27296
19468
16082
11468
11691
12695
7529
4517
29323
10488
1161
5816
19764
3997
20476
3199
24771
32384
28126
15727
20334
19023
28221
3893
26299
20171
12514
18751
23537
2414
9581
9342
11468
18256
20904
2154
30837
27211
4629
6471
25777
2397
18633
31655
25433
28751
28285
28977
27658
17044
14819
12960
32285
17780
20790
11023
32474
5482
14869
30835
18408
19146
31633
21865
31240
20902
9861
20530
26628
30963
14374
29435
11745
31976
2778
16738
18524
4263
18766
12087
16533
11039
6082
29823
16389
6961
26536
25279
8373
10001
10606
8055
19890
15088
20632
26604
1980
27352
24081
16938
25150
19415
25795
16202
3203
26719
15461
13041
15142
21485
22164
1049
17866
8681
27174
31508
19724
17357
26811
12493
31926
4746
29332
850
15925
1832
15529
13199
28494
26284
7413
4188
28940
25918
12565
21179
8957
1163
21265
3930
7838
12649
20602
24928
18195
25785
6069
12902
283
19346
20374
17346
10052
15004
3377
23820
3675
28857
7148
17371
11815
27883
3033
24784
16983
23410
31299
13782
30648
24116
18567
2471
31147
13410
13605
27795
29655
1369
2839
31357
23579
21190
23394
32294
6342
22030
29930
22958
22283
19693
3722
22615
9647
31069
22372
19853
10245
22713
24950
9507
29980
22050
6767
18656
30519
31778
18112
32570
24445
27023
13045
10081
498
3506
3910
30335
11686
28585
10601
6718
21805
1290
30891
25740
6990
23497
12351
25755
6143
7004
19414
4395
27026
8476
19056
26635
26153
15343
2929
9949
367
19236
503
283
14986
17566
12907
30551
9803
26165
11862
13255
27048
5721
630
4096
14445
14328
19218
10242
11310
30114
25226
7797
1920
18412
24114
30258
14697
15122
19808
9477
13588
14304
28356
17329
29129
21458
20472
32565
10013
27770
2904
12110
6502
4642
6164
13885
2674
1459
24708
3530
8825
19925
4795
9609
25935
10072
24414
30300
2014
21715
6839
28473
14804
4490
29701
7982
14233
11157
14102
16546
14468
2367
19480
2525
3406
7597
27053
26315
711
4288
11581
32764
23751
7739
3472
13040
32104
28713
23452
24466
3186
30841
17819
12034
13079
3564
4193
14231
16353
20529
