3480
6622
2386
3437
3316
174
6965
7973
6335
8604
5406
8667
8676
7088
9259
1921
2643
3942
1296
9052
9009
8883
3937
4269
7776
992
3078
9173
1590
9398
574
8573
8286
7176
3216
844
1410
1945
793
7394
1839
7683
3470
615
1441
9749
3140
37
2526
408
3084
8157
649
2385
5871
7358
4092
5602
7885
2600
6922
1646
5546
2154
8332
3473
4540
3587
8149
8939
5895
3878
979
2030
2740
3447
5699
5508
6717
7631
2762
3931
3814
8790
9219
4621
2641
2179
7955
5932
1106
6405
6594
7220
9160
6085
1916
7750
9553
5809
1414
7409
3406
4323
5074
5877
3182
6100
2827
9476
8379
3254
5883
637
3949
3934
5020
2219
2551
9897
5768
2016
186
276
6968
1397
1648
3388
4746
1079
7043
9331
7346
8830
5385
5219
85
6766
8657
9013
9702
8161
198
579
6298
5493
5079
5307
1089
3208
4178
9559
8580
3374
7107
5403
960
211
9693
1151
2696
9555
5869
238
8637
6079
3104
2642
6616
19
324
8596
4220
531
3467
1165
3057
4007
8859
600
1484
8075
4255
5333
6549
3898
4973
8948
1451
1093
4720
4342
3521
2576
486
3359
9006
4486
9818
8851
8205
2566
2180
8294
833
5247
4220
3392
2616
2239
2544
1772
9583
1467
7025
6507
8299
5260
4198
2339
8935
109
9080
8580
2380
8387
8184
5017
7665
784
9697
2925
4737
821
9346
1990
9489
2366
2175
1821
1603
2322
691
9518
5960
7730
4887
4722
8801
2440
788
213
8339
6841
9862
3543
9074
7480
1846
276
378
4162
1660
9070
1800
41
1480
603
1154
1642
740
2309
5757
4168
8987
502
3277
8131
7748
9504
434
5440
9117
4240
3909
6739
5081
5090
808
1955
4428
173
1172
5207
1078
6603
6857
1556
6608
1022
590
2519
8065
9655
988
1003
5946
2898
2452
8107
1966
2733
5746
8628
5326
9293
916
4949
7495
5902
6670
6163
4481
10
7859
6966
5297
2731
6483
1714
51
1638
3578
5841
1512
2718
5084
6598
7389
1903
5429
2785
7588
4176
9164
8622
2216
7279
5657
3543
6310
6547
1442
8824
622
6592
3746
9412
5352
7015
5719
171
1029
2343
4160
4910
2136
8246
6003
3563
7500
397
9645
4220
9399
422
2517
8120
4364
548
2681
1522
2716
9947
3492
907
2599
2693
5930
3917
1490
1368
5952
2663
6063
6239
166
9956
2966
863
6345
2290
528
8291
1853
1397
3110
1476
2280
3127
234
8483
7570
345
6057
4142
9653
6699
1932
7065
5296
7079
3178
8356
8742
5469
1738
693
4921
2606
6248
2025
6115
952
1852
4229
1541
2994
4705
9696
2333
197
2832
6434
9687
106
5950
7824
338
9321
6796
5487
8224
6890
9094
129
287
5412
243
1808
1067
6949
7913
6601
7197
9329
1387
2834
7511
9085
5557
9796
6727
9193
6289
4024
6657
6120
2934
3741
8899
4145
7142
9713
7645
1037
4365
3964
1432
2630
4889
9958
3977
3999
5872
9046
1643
9447
4647
5755
4060
2204
1787
1607
3093
521
2039
1314
9896
2336
2293
8061
6093
918
4045
2996
1986
4137
3339
2252
5953
570
3528
5954
8342
1699
7252
8939
621
2178
2742
7851
9276
9050
1494
84
295
5139
9882
929
6311
691
231
6535
1788
8872
8653
4564
3466
4969
2339
5271
1210
3223
9609
7642
1580
2157
2864
3739
3761
1704
2382
5482
6737
6012
933
8064
781
2841
6914
3171
2128
6227
4933
2803
1555
8839
7706
675
8086
4770
1375
2887
3030
5129
9411
8840
4903
9936
8266
499
4277
9986
4812
6510
9343
3644
6634
7971
9930
8439
8600
2607
6304
7501
3798
5624
7310
9439
8015
8032
7347
8939
2437
5616
3584
6901
7580
7632
6071
1000
5464
6919
8318
9530
5171
4771
2722
2193
6046
117
5001
2818
3234
8075
1584
6177
3439
6109
3905
2598
1987
365
6535
9806
1200
800
7982
2464
3297
2545
2812
3770
149
289
1145
1684
5902
8365
9058
8835
5835
7171
658
178
1946
1614
4501
9140
6922
492
5305
792
7629
4617
1961
6627
2555
9194
3207
7995
9637
4668
4937
831
2760
3019
6487
5580
5042
8601
1553
4908
1881
2443
1737
9733
1459
6772
2611
7438
6527
7360
8411
2569
247
4757
962
1117
8902
1141
888
6803
1445
2765
4984
1696
7420
8168
8886
890
700
6584
6146
4209
2045
3310
4951
2299
3039
8594
6203
9050
982
5948
1998
7024
3514
731
6368
862
8032
9343
5587
1686
227
5401
9283
2806
2993
5619
8588
8896
2109
1097
3617
4699
5109
562
8889
6480
4605
862
4880
4409
1000
5083
2252
1032
6697
8455
3089
4197
5244
4383
978
1519
2025
1578
7949
3061
9271
3141
478
7599
278
719
1951
1264
7361
107
5074
1419
5850
3336
9273
2585
3739
1474
7233
7548
6367
875
8769
5328
2290
7494
8143
1249
2949
4569
9360
9994
8018
3621
4087
2135
2871
3
1214
2959
6014
4678
9675
2339
361
2800
2739
5106
2811
6954
699
2831
4693
4148
2074
3681
4608
1204
5568
6372
5767
9149
149
6359
219
5068
818
2658
2089
9472
1436
4058
7493
7658
732
2243
6263
2015
720
425
6571
174
2761
6457
9442
1461
2694
85
2376
4222
9148
160
5017
6062
3508
6312
3308
606
7777
7102
2970
3915
4731
232
2970
313
3698
208
7276
9714
4153
3927
7059
5971
931
3012
8448
6443
9637
5061
2228
7609
3886
1968
838
7556
883
3701
3932
5719
1179
7771
8911
6862
5944
4086
4536
7972
6956
3094
5484
8894
9467
7923
0
6002
2896
8694
7906
9755
1875
8819
7244
9252
7726
1692
1732
7381
1981
9302
719
1006
9122
9220
6141
575
6469
7913
9029
2140
5239
6600
3039
4056
5175
8889
1398
9811
981
1947
1317
8030
2171
5737
9722
3215
3248
5303
6265
2494
298
818
5984
4953
8163
9316
3724
1589
3200
936
4204
8384
686
4207
2161
2908
9757
5758
8173
9294
9392
2822
542
9404
7077
4355
1172
391
4914
3791
3074
9650
353
5648
8490
5636
8444
1999
791
6876
9580
9308
5328
8448
1136
9942
3432
7426
1006
1625
3695
4235
5266
9153
7513
748
4163
8437
5088
9556
117
6986
1922
6042
455
2586
4510
9013
278
1758
2071
441
1784
576
8590
8138
5247
1141
7502
8321
4980
9283
6083
9535
2090
9316
2519
7673
2030
377
5881
4602
5367
5260
9875
3136
4406
2887
8475
6163
6915
3626
7891
5029
834
3046
2155
6673
7375
1217
3382
7807
8758
2917
4371
6920
1816
5001
391
54
2006
5032
2708
9016
7341
9537
6832
1130
7033
1969
9558
520
5185
8713
1406
2117
2187
8123
642
97
9285
4130
7389
4069
4913
9176
5107
1530
9981
1207
2618
975
266
6948
5648
9694
7358
1281
3819
1727
9715
7707
6148
6167
7621
3142
3081
9161
3385
9671
648
2339
1851
1619
4200
6798
5337
1633
8523
3628
5050
6245
6930
7786
184
9308
5052
361
1380
8038
6401
9837
6563
3845
7557
1247
8630
4645
34
640
224
4012
5221
5212
6123
1499
8560
4416
181
792
8537
296
139
8971
478
3810
7222
7750
9429
2625
2775
657
1268
162
3767
4879
601
7317
7262
5969
5627
4249
9531
6105
1093
2883
7788
4896
812
9617
7857
1319
6574
6507
5765
1549
7720
6637
2329
7608
9266
3213
9553
5010
9652
5091
7487
3941
8554
8288
2739
3170
2644
4709
6386
597
5274
1875
7175
3481
1367
5534
559
7575
4984
7876
1556
1167
3177
2591
7484
5612
4266
3971
9892
8570
1142
9565
432
3855
5602
426
3395
5617
8407
7186
9662
7362
159
6595
7550
6709
9000
7864
1515
845
857
9612
5610
2139
6972
1208
5688
8187
584
1867
1085
1063
3695
8972
3573
4371
683
648
3263
8754
3071
1110
9252
9376
2894
3802
5763
5635
2549
7214
9440
2112
4974
6515
6839
5507
7587
1818
963
1449
3587
691
3361
3821
2567
2966
4433
2171
4711
2694
2722
3039
5154
183
6075
7602
9838
8144
7125
6337
6454
6755
2368
991
7325
9562
2620
3914
809
6959
1126
8447
623
414
6060
5956
3085
7175
3265
3629
2287
952
5092
5009
3239
8545
6546
7169
3796
3855
6064
8197
5222
2864
3830
7849
9885
6553
2209
551
5257
668
2246
857
2728
596
1457
4359
4464
8725
9640
6515
1697
2168
5564
1745
1511
4603
9161
7366
6796
3056
1644
3912
1721
656
8380
6156
5546
411
6740
6392
676
2961
1422
1113
148
5917
940
7531
460
6248
5857
1060
8737
8206
6738
6404
4220
1032
9615
9944
73
5751
5872
9489
8889
2277
7123
4608
7477
1943
7513
8482
1353
878
4008
4752
2350
3410
6069
6221
428
7110
772
1658
2886
6048
5856
9923
1213
3717
8453
813
1320
1532
9860
8715
9729
7551
1132
8827
4236
4308
472
9944
9933
7437
1912
8061
5247
5229
3042
2782
2081
4651
1499
2396
2842
2267
330
6550
701
7275
3418
52
7440
5116
2128
4217
1137
6096
