316
116
71
297
285
315
25
9
333
185
368
429
28
314
199
420
379
234
89
143
465
361
119
141
85
343
300
482
328
468
42
465
78
380
370
272
132
74
470
4
27
270
214
487
14
452
346
333
367
319
236
423
152
247
443
448
224
381
47
446
464
349
119
352
193
250
374
454
209
313
476
419
251
392
61
180
373
318
104
239
318
119
355
44
437
247
12
156
422
194
382
426
328
310
328
95
65
483
495
77
373
129
431
270
33
138
136
1
22
325
116
387
154
119
167
320
477
461
198
427
390
141
191
120
497
20
51
33
245
90
465
219
84
425
391
454
455
149
392
64
179
89
193
3
160
359
118
185
427
398
446
2
278
243
293
369
429
151
437
494
439
47
442
281
191
317
287
154
140
421
304
22
360
40
224
113
61
43
174
414
139
82
170
5
83
183
21
442
393
391
5
183
91
86
405
411
349
331
422
42
459
16
166
265
378
121
64
10
21
136
122
418
462
337
64
47
352
96
131
343
149
331
355
394
197
495
151
81
2
195
270
370
228
56
500
315
241
76
445
387
162
359
378
339
141
204
288
23
273
385
0
8
251
474
48
105
96
428
202
103
499
359
179
69
320
216
139
226
156
367
467
109
151
488
69
254
15
130
268
210
491
307
333
418
357
132
25
383
381
96
304
22
274
269
166
465
341
334
448
390
122
158
405
31
192
168
251
174
132
174
113
169
185
379
146
377
415
230
191
168
381
470
118
113
68
391
420
58
149
9
9
335
241
226
203
93
53
396
203
451
319
98
498
154
394
374
388
327
477
395
231
396
381
274
436
396
214
392
3
245
358
395
432
214
109
455
178
220
334
332
118
56
316
179
169
392
395
137
326
144
482
471
297
378
310
403
365
14
348
458
147
395
112
9
436
128
21
246
21
16
385
396
24
414
49
306
46
97
313
256
43
342
377
8
213
319
143
301
133
452
495
475
162
367
419
229
378
300
64
298
93
276
11
61
454
65
45
271
124
476
224
389
55
463
497
263
379
197
3
175
97
422
279
443
323
303
21
387
321
198
428
28
224
173
353
470
275
100
329
74
462
109
447
452
289
89
279
206
160
384
58
395
431
182
325
170
279
433
11
277
365
414
93
58
20
371
407
15
175
134
321
135
97
368
46
417
98
132
357
14
298
36
326
385
429
410
450
375
352
265
231
455
418
80
445
324
262
115
112
153
159
120
239
375
336
407
440
216
61
247
456
176
408
82
370
233
11
432
470
386
32
99
71
232
120
266
357
164
492
31
52
500
256
247
197
121
258
260
88
43
374
8
106
88
271
455
100
180
219
498
300
437
89
410
461
180
331
68
203
31
32
437
468
430
421
433
308
420
12
153
396
49
457
441
427
257
346
150
372
332
314
397
247
276
355
267
183
330
126
423
460
487
378
228
429
76
21
433
176
319
224
193
222
349
49
391
141
298
458
362
490
52
380
354
420
359
144
218
468
474
111
497
392
200
190
187
71
334
57
441
10
382
488
270
163
408
413
347
263
437
311
267
404
167
20
123
220
249
129
93
186
63
408
95
264
453
7
284
365
256
443
379
109
376
69
358
473
359
236
228
6
305
73
223
113
355
66
500
248
119
370
415
162
408
364
254
238
431
334
367
432
50
17
105
171
177
406
419
440
292
324
390
484
350
491
73
261
457
165
307
3
458
287
85
164
72
446
348
377
135
454
73
340
194
441
113
295
180
7
296
10
357
4
24
301
422
481
448
241
277
489
304
76
155
78
387
209
191
45
484
129
474
415
122
405
413
97
331
372
277
58
21
275
458
329
450
361
186
127
356
186
175
134
89
159
311
209
292
458
349
469
298
456
463
45
218
387
402
190
120
491
378
113
104
468
164
169
431
368
12
394
94
386
472
113
289
142
240
422
358
420
493
355
170
200
229
236
152
295
106
446
279
438
299
495
241
369
104
121
152
117
81
205
446
71
245
163
369
5
165
128
222
449
331
256
308
108
306
154
93
283
239
111
334
197
264
302
418
311
364
397
247
305
185
474
73
20
332
244
325
35
13
211
309
353
330
451
53
28
41
343
105
256
463
158
355
249
10
305
201
67
287
339
472
324
23
467
333
360
234
137
491
308
23
424
125
477
11
35
89
196
92
108
22
60
213
378
36
65
281
243
334
65
181
203
125
361
105
232
350
62
8
144
230
398
248
300
370
321
263
33
222
153
418
37
479
294
169
84
316
428
31
335
361
475
409
174
34
500
51
192
49
446
268
90
447
276
146
233
11
328
29
85
206
28
395
183
177
198
484
113
160
298
223
458
395
307
293
254
366
322
487
236
333
376
492
322
374
115
382
96
320
489
311
355
418
354
203
271
419
266
259
321
472
353
127
377
440
32
320
171
18
214
250
125
385
68
416
206
285
79
336
232
335
438
474
134
276
359
439
100
382
229
261
87
287
450
331
417
289
59
331
269
324
45
88
497
379
82
133
336
278
331
391
358
288
61
440
224
27
265
500
346
330
273
12
16
78
52
121
480
208
345
128
117
251
190
157
155
72
120
302
422
199
430
149
154
196
93
390
462
459
198
298
244
309
431
203
328
50
117
101
437
358
398
270
9
299
319
221
377
304
44
30
100
313
133
9
288
255
408
262
192
88
72
356
309
155
376
169
264
42
1
280
234
480
463
182
355
304
499
58
416
198
250
292
125
35
292
293
284
51
431
160
295
371
3
102
132
282
334
319
198
31
57
479
488
399
442
38
194
240
92
453
91
165
385
23
473
500
261
118
148
351
435
446
362
192
206
373
164
95
377
413
417
23
131
223
485
23
381
185
278
409
361
496
298
199
145
214
443
286
284
122
151
205
35
333
115
374
286
19
40
176
421
470
430
365
271
351
388
48
470
218
489
151
60
392
99
375
169
317
461
4
4
345
343
152
104
105
489
375
151
98
363
94
431
375
68
429
216
13
25
154
150
393
324
339
348
252
137
460
48
340
368
200
467
344
337
111
248
196
449
86
301
180
0
110
18
163
89
132
408
269
308
201
5
130
208
183
469
202
19
397
19
252
29
52
305
476
430
491
27
204
176
227
39
135
100
55
44
441
368
217
281
177
406
441
468
4
386
422
477
370
26
416
257
186
30
272
457
314
277
279
150
486
277
165
261
253
384
261
311
260
2
265
171
421
67
100
219
357
422
136
215
194
310
234
95
127
484
108
249
137
315
347
370
60
476
489
57
30
435
126
371
243
113
292
410
481
213
396
87
278
104
134
24
429
99
153
310
226
17
46
315
238
148
255
84
99
125
27
218
70
113
150
126
67
140
249
117
153
135
234
40
424
243
162
345
233
186
55
19
391
86
98
279
413
54
446
38
138
195
48
135
386
358
304
418
168
249
114
20
138
93
293
302
211
171
100
209
174
44
109
301
85
364
316
61
472
182
49
431
475
475
141
89
2
370
251
243
444
126
111
43
356
330
347
438
111
39
264
49
429
212
67
60
438
47
487
483
132
56
472
496
255
181
443
258
249
429
235
340
50
277
494
401
24
446
146
364
59
428
499
199
187
102
466
270
333
453
330
58
222
165
413
328
198
53
315
222
72
77
86
194
400
433
41
4
377
322
129
340
448
329
392
281
144
497
31
137
215
226
498
300
380
77
53
55
375
446
59
260
222
342
121
141
72
441
281
468
54
8
322
473
227
365
156
118
306
258
62
217
188
22
79
121
45
328
354
263
316
439
314
34
259
310
333
159
296
480
267
300
106
431
327
417
309
72
345
232
491
9
155
113
320
331
300
23
281
324
267
178
313
39
341
423
354
49
108
479
367
441
490
305
296
481
37
176
363
323
348
339
424
253
285
275
327
255
113
111
448
50
326
173
416
263
351
483
287
396
310
471
139
441
74
185
391
125
129
396
222
492
478
150
34
359
106
406
295
125
412
187
422
53
445
71
335
363
175
379
245
353
194
357
22
22
377
439
270
302
160
473
275
292
197
78
270
370
368
147
267
387
424
48
486
64
432
344
136
102
192
471
26
408
193
404
89
142
393
461
121
224
377
448
468
48
91
230
183
407
91
287
142
116
206
488
332
174
68
305
254
171
303
113
241
203
228
228
170
483
49
143
43
170
407
114
111
316
85
208
237
53
395
469
483
304
355
495
462
454
125
413
472
185
50
62
108
270
303
493
357
151
7
479
444
398
163
1
73
464
337
218
301
70
372
375
108
163
201
257
191
241
361
380
240
474
409
461
350
201
208
4
496
172
61
349
437
229
143
95
277
87
137
353
258
288
102
33
98
337
8
363
135
449
212
465
62
291
491
161
201
164
316
417
99
293
146
441
448
263
330
24
213
402
14
308
402
10
156
333
86
380
271
491
30
161
8
368
406
416
436
405
213
297
282
434
33
485
427
30
217
271
290
468
26
43
330
179
226
113
481
289
277
276
120
419
213
430
350
339
494
146
224
129
137
311
254
306
326
38
297
499
484
194
472
447
21
177
276
450
243
442
109
281
24
124
27
126
233
288
436
474
216
305
67
173
135
90
352
226
266
270
197
217
301
143
309
131
61
78
287
408
73
215
62
423
49
453
494
480
348
33
438
417
110
235
17
72
84
188
388
341
195
214
392
57
237
307
225
439
171
456
124
337
41
25
238
286
223
405
249
52
329
434
125
362
488
396
248
156
164
330
159
35
26
326
185
84
362
340
322
434
435
332
187
314
490
134
229
380
282
253
67
107
449
236
335
241
404
80
381
151
471
17
145
150
120
387
212
64
56
272
187
227
393
254
9
15
461
476
5
266
21
483
455
412
498
155
2
441
186
292
365
485
402
20
108
369
203
98
445
161
315
302
493
74
348
495
155
415
110
355
325
52
397
413
443
418
169
173
443
194
312
463
284
173
370
481
298
116
56
382
490
427
34
206
399
482
62
442
231
381
108
453
323
492
422
69
408
88
473
454
254
376
425
44
455
239
194
412
142
177
426
385
487
420
428
228
241
101
355
410
371
282
125
118
327
385
368
114
59
176
418
428
417
114
125
13
236
298
6
0
165
71
13
170
6
495
113
281
348
132
410
332
143
180
350
374
248
177
169
23
236
430
232
493
101
277
371
462
109
458
345
102
164
169
81
132
164
295
21
58
29
215
359
66
255
136
171
113
77
65
115
297
315
295
49
326
62
87
484
109
301
132
359
150
125
88
350
78
399
68
290
17
482
147
310
90
47
108
294
401
96
92
159
255
407
118
211
275
229
106
341
93
67
122
402
43
118
500
3
340
490
57
365
491
480
466
115
306
189
50
234
378
461
242
212
442
54
241
69
154
131
48
81
178
395
334
247
56
500
106
279
173
245
203
102
181
288
253
494
437
94
412
9
247
224
453
40
422
439
500
387
57
65
476
98
44
14
165
468
38
205
472
175
156
16
439
373
168
458
347
422
24
298
244
451
194
210
307
279
283
472
429
33
143
429
187
154
298
79
213
448
198
462
400
256
483
182
100
251
295
215
24
337
132
382
487
402
73
41
28
209
137
203
258
493
46
90
142
161
68
190
69
89
132
275
444
333
475
55
113
218
385
277
113
235
455
356
86
211
209
114
298
185
412
115
120
150
376
112
441
195
100
272
226
388
499
334
301
288
276
290
209
272
325
47
487
272
98
467
378
336
95
13
237
113
260
220
238
209
202
435
124
89
67
389
469
464
330
420
218
258
348
364
409
317
282
410
463
459
194
392
0
451
3
408
13
458
156
275
231
275
381
284
189
344
164
333
385
140
233
291
491
142
174
0
137
164
92
30
310
269
298
447
483
327
174
49
145
145
297
362
123
65
230
172
478
105
499
443
47
246
82
394
152
189
168
48
203
140
59
468
242
243
382
382
357
155
19
475
196
264
403
200
430
112
445
398
477
390
215
178
443
228
326
357
96
219
153
396
129
371
267
258
221
464
248
177
46
333
26
208
171
255
215
445
259
447
185
340
219
470
466
242
441
133
287
494
253
106
84
366
25
103
361
221
354
490
210
451
375
366
448
454
32
225
91
385
225
19
392
260
385
176
331
370
113
428
256
300
301
284
34
14
295
184
467
369
92
29
413
255
62
370
109
102
383
38
318
42
235
381
177
310
405
298
317
229
429
79
396
365
471
142
96
127
348
176
477
389
441
456
319
75
329
368
419
228
172
318
201
374
489
500
212
25
53
290
346
122
151
166
244
348
136
441
388
330
282
347
360
458
449
196
213
34
183
397
341
292
197
444
369
473
84
48
59
118
49
460
63
290
144
77
210
208
15
88
449
385
200
276
255
132
108
342
400
285
237
499
324
235
5
260
470
162
227
313
435
96
65
75
136
202
67
314
471
175
379
253
238
382
296
355
268
364
366
41
112
114
398
429
83
186
384
366
376
405
304
184
239
41
416
367
51
464
275
80
181
170
340
171
140
451
461
276
488
374
204
201
295
150
470
245
406
359
72
324
280
94
411
464
140
427
58
118
428
320
117
299
360
401
359
229
359
252
284
449
361
279
165
93
426
49
456
425
348
249
159
251
100
60
331
264
178
8
409
483
90
340
250
191
207
453
448
479
321
81
253
189
20
277
127
439
195
201
449
446
446
237
170
228
371
66
152
308
62
225
22
466
0
339
13
195
486
401
462
26
71
169
353
424
459
149
219
25
19
237
49
399
0
189
88
496
51
311
52
225
378
500
398
328
434
159
53
457
441
200
198
143
83
383
157
187
147
260
24
403
38
415
246
386
186
255
40
151
424
425
15
51
80
42
189
500
487
376
10
227
176
295
111
358
148
119
452
425
325
463
458
174
413
234
129
13
50
469
294
250
290
176
112
42
96
145
493
165
482
105
20
73
482
413
96
51
78
316
203
187
10
191
296
500
422
117
82
105
313
147
74
311
473
364
318
252
427
183
250
268
262
292
120
468
4
461
192
176
210
34
283
341
186
464
51
310
270
434
390
283
363
297
342
407
23
123
98
249
242
222
250
11
490
420
136
197
78
237
392
36
102
82
161
157
308
84
289
485
281
82
328
389
164
200
14
277
309
25
121
415
385
304
235
357
255
2
95
47
97
422
332
398
433
497
402
20
308
343
322
65
407
97
375
466
151
436
151
416
17
374
249
429
71
362
186
429
61
395
330
322
236
74
496
81
101
46
263
421
183
211
108
355
12
340
202
74
332
150
158
376
60
309
41
394
486
7
337
109
246
275
151
135
231
447
416
477
235
139
106
55
7
143
46
115
189
417
183
277
279
293
287
170
75
299
354
411
88
44
61
137
153
162
85
104
1
371
63
424
76
113
386
339
429
181
194
165
254
164
480
149
247
82
341
476
315
57
344
396
311
452
490
113
259
416
41
361
31
60
368
125
91
43
453
390
160
54
250
188
136
151
157
177
258
132
467
118
461
420
355
373
254
197
188
197
263
219
238
240
176
123
195
343
269
40
154
437
189
470
355
21
496
382
477
453
206
435
361
497
106
264
441
479
93
35
480
211
481
394
278
392
71
140
370
298
325
344
238
114
178
322
104
365
211
197
396
180
453
65
161
60
180
403
42
253
474
302
326
127
250
399
70
277
414
181
451
375
384
435
447
277
161
388
235
274
281
469
168
471
139
88
461
116
23
178
299
146
414
416
242
490
434
422
317
61
478
305
455
111
206
122
220
77
438
134
333
468
429
407
445
247
374
151
87
336
499
473
452
325
102
488
86
394
316
89
417
20
410
246
134
205
164
52
292
183
287
207
31
125
101
252
372
42
139
483
29
351
397
293
333
458
303
101
266
495
399
362
467
38
26
228
400
318
59
309
198
169
52
35
312
482
362
82
497
391
87
300
13
447
124
94
375
25
249
32
132
109
214
436
58
315
19
260
102
166
108
205
365
423
59
240
296
31
296
6
361
451
42
202
312
474
314
454
7
118
45
140
488
313
305
33
184
453
46
435
237
129
156
190
23
34
398
418
62
27
419
376
1
274
404
274
452
138
416
492
454
32
470
66
76
442
345
219
331
465
140
426
456
145
164
148
493
410
327
56
429
291
59
464
357
35
240
482
103
107
106
355
35
281
373
338
192
86
28
393
481
472
205
397
148
407
320
398
400
265
387
323
462
91
170
85
154
209
89
483
79
7
83
33
74
379
171
369
177
4
369
285
16
315
223
92
254
70
128
489
53
319
83
373
74
158
30
492
227
283
364
408
241
24
65
44
383
153
464
53
18
306
402
58
314
429
237
138
58
456
321
311
477
6
393
443
232
293
431
67
201
357
253
485
204
301
389
39
177
243
411
271
249
264
187
416
449
468
368
53
98
32
149
486
76
64
67
55
338
241
197
323
397
234
8
119
225
444
318
311
464
494
454
187
48
411
303
295
492
493
311
333
55
136
484
268
160
352
32
318
47
415
69
419
336
30
460
96
2
114
138
82
352
359
94
349
50
35
351
459
411
174
229
160
49
363
323
447
33
119
180
322
362
186
308
435
31
472
10
297
392
138
157
108
243
105
20
194
124
391
456
412
173
90
458
100
62
161
282
146
101
242
478
342
131
483
400
494
103
392
425
375
487
396
297
278
239
407
481
137
395
284
465
395
238
130
203
410
410
46
296
428
157
99
63
39
252
398
149
248
258
35
353
378
335
231
412
23
136
344
301
81
329
186
345
377
466
295
47
20
264
186
134
284
300
474
46
56
361
77
87
391
102
456
9
232
128
40
170
401
430
214
275
10
41
327
486
466
210
492
444
151
334
414
70
238
421
71
309
425
451
429
62
144
444
413
279
449
202
292
468
306
109
319
474
398
97
491
398
404
26
34
112
9
488
19
13
57
311
192
207
152
459
224
149
463
81
181
25
226
441
198
20
67
161
68
31
300
6
127
315
464
164
253
349
384
329
353
390
134
55
356
466
344
262
386
241
45
311
239
178
147
480
242
62
152
374
185
269
355
122
242
492
55
166
383
321
146
416
223
447
401
434
488
482
375
396
300
455
214
30
82
38
173
397
60
57
351
223
95
64
487
348
301
3
20
381
367
70
455
250
198
252
225
331
423
26
15
333
418
25
131
228
205
483
455
316
355
80
202
193
446
473
202
135
231
55
44
43
64
204
50
177
307
2
1
425
305
339
211
98
236
114
392
198
119
58
429
8
278
139
69
57
381
24
498
378
14
360
133
196
232
7
161
200
133
105
265
182
188
232
304
63
428
406
228
322
243
486
210
399
50
56
153
386
158
316
247
423
300
165
435
468
450
335
397
155
428
4
388
82
235
395
109
241
411
199
199
181
306
153
104
451
449
476
92
49
49
19
315
58
85
136
433
390
99
314
353
36
290
449
66
285
421
482
429
98
469
223
109
54
245
323
298
174
304
171
255
216
232
478
444
122
35
157
344
395
372
340
209
276
392
223
43
259
424
22
55
249
349
23
87
324
306
429
262
33
113
331
442
44
389
107
365
0
71
235
415
299
165
87
228
60
256
25
385
262
441
419
458
245
148
171
102
53
347
181
454
234
131
366
296
395
118
93
95
21
281
203
432
431
297
496
459
422
465
483
200
456
166
339
296
93
130
254
58
21
430
356
214
230
73
414
488
227
227
194
331
465
196
112
414
407
384
78
233
334
164
337
126
494
15
134
407
444
113
387
387
390
333
302
465
323
211
24
325
92
225
341
456
257
124
436
112
140
57
225
170
222
453
257
140
431
405
15
318
498
281
204
61
21
340
41
319
458
74
380
251
239
42
336
438
466
222
468
319
143
153
88
270
159
496
30
452
209
264
176
140
97
471
64
86
380
245
171
66
128
58
479
36
18
110
154
329
413
109
431
152
427
23
304
316
60
14
167
499
279
231
371
68
339
179
445
100
221
50
52
486
80
414
141
400
372
473
143
167
263
464
461
70
494
224
68
283
191
489
201
63
180
455
337
378
459
70
45
475
499
367
327
140
298
148
114
275
140
279
117
74
126
122
417
264
451
421
61
420
363
361
484
357
55
291
75
36
340
255
88
122
163
320
102
178
219
136
260
453
160
292
468
351
266
388
290
59
495
294
322
271
233
126
295
326
340
408
260
188
319
114
318
284
266
240
159
30
224
402
370
237
371
84
257
390
388
209
376
12
19
25
369
155
309
447
233
146
465
177
43
466
174
386
1
335
246
66
352
307
442
40
147
284
99
437
421
267
340
107
209
320
22
112
393
284
143
241
14
239
461
188
144
84
433
61
428
86
51
147
4
214
148
92
225
469
476
235
362
135
428
455
35
109
293
62
54
345
434
187
485
353
154
33
149
46
268
97
203
187
14
345
314
432
165
169
256
208
425
385
355
343
395
290
26
241
318
484
85
119
427
220
104
168
272
117
429
435
498
410
364
411
276
429
349
331
164
140
417
260
69
289
458
413
237
204
174
118
80
402
394
163
215
238
61
3
330
454
211
321
93
471
358
478
65
75
52
164
457
25
405
3
430
165
83
358
393
252
291
469
461
253
351
126
238
397
361
315
451
464
110
157
63
415
265
233
13
70
134
468
312
115
33
158
119
248
426
176
251
246
318
456
134
174
108
134
485
110
437
288
344
381
400
182
373
233
281
360
243
13
81
63
438
353
44
284
352
366
256
346
145
257
109
282
82
320
490
301
382
51
135
341
322
345
333
419
127
76
27
476
280
208
348
60
388
142
406
61
134
470
404
232
254
18
449
183
170
251
380
26
16
258
232
232
195
107
130
173
483
59
340
336
443
175
60
243
471
345
495
421
278
312
483
383
211
120
438
327
370
138
49
292
417
124
321
152
266
28
89
136
238
351
86
20
150
235
326
290
433
289
419
112
485
362
271
33
386
14
497
218
144
262
131
67
48
299
219
24
238
78
477
484
444
381
50
355
114
222
110
260
476
355
208
434
353
388
21
98
105
9
271
490
456
106
34
1
241
395
268
206
310
134
228
476
297
36
39
492
44
381
457
296
39
181
11
208
180
77
57
183
432
374
335
218
163
375
138
229
58
485
424
192
175
87
355
156
336
373
379
420
250
467
485
26
18
72
298
195
164
122
77
475
87
336
473
11
122
272
193
171
117
399
71
410
428
130
40
356
354
294
323
365
334
37
281
165
153
90
165
492
390
26
46
40
30
386
395
4
88
17
325
333
377
229
116
222
156
375
435
82
179
466
41
183
96
70
102
6
424
150
124
224
451
197
207
437
268
471
38
77
204
238
329
205
146
322
82
424
350
137
170
441
202
418
130
468
35
43
283
131
464
236
114
156
27
360
269
5
264
394
158
234
323
467
468
458
281
488
216
45
88
141
239
306
350
36
206
445
49
47
327
406
351
482
396
189
1
346
19
469
313
324
127
427
185
51
486
249
186
497
193
452
51
422
113
150
298
165
301
74
126
482
204
280
212
389
247
251
153
489
9
33
69
486
150
26
229
447
395
20
5
174
102
243
417
424
31
219
370
111
484
356
154
358
168
488
220
312
471
110
259
43
368
197
129
63
142
151
496
314
373
98
39
107
256
154
59
103
12
149
434
440
29
214
422
392
233
48
398
472
94
471
87
267
298
131
137
2
149
243
115
328
477
196
29
42
193
450
347
219
336
161
113
474
445
218
9
313
289
364
2
144
464
62
311
228
363
402
382
6
335
287
323
73
36
7
63
488
67
437
253
448
363
357
64
294
455
363
197
261
2
321
155
459
245
457
94
200
12
50
200
236
86
297
142
241
245
211
481
5
462
247
434
268
119
324
103
445
106
182
459
279
308
391
415
318
31
159
97
376
261
213
480
414
312
425
298
432
74
69
62
323
73
258
255
75
10
139
485
228
267
145
172
225
105
32
485
69
234
108
383
47
292
300
248
124
241
254
212
355
369
334
41
221
29
268
176
67
405
153
215
405
433
251
99
66
481
384
22
132
85
475
208
18
66
409
85
306
124
304
204
235
142
337
392
445
72
23
351
456
45
11
148
496
310
38
13
474
80
271
424
277
243
268
124
110
313
427
215
360
137
326
187
1
379
292
41
198
168
95
429
359
456
340
376
485
440
374
477
135
427
403
243
35
484
28
82
239
36
322
109
445
77
111
174
490
339
104
357
242
9
396
460
208
17
43
146
2
275
369
49
346
211
474
68
99
9
133
28
244
9
143
388
383
259
279
377
349
50
57
162
298
106
364
489
138
296
20
54
158
293
256
488
202
105
357
146
422
139
491
309
368
79
229
215
147
21
84
95
40
413
221
315
346
87
279
461
98
218
452
136
302
98
112
245
423
441
319
161
213
417
346
62
60
263
499
404
482
129
123
236
27
105
452
31
326
209
152
113
147
394
494
477
355
212
443
474
228
230
7
350
240
206
380
328
286
453
59
14
79
466
316
197
288
370
186
67
141
347
430
382
247
291
400
412
93
176
96
22
246
254
151
294
135
0
4
342
213
6
201
50
297
434
126
75
206
22
148
332
345
301
395
102
476
66
99
220
252
161
341
236
23
164
266
220
86
301
67
431
323
361
293
265
154
461
45
165
482
254
145
474
261
492
159
401
422
232
11
23
229
349
95
454
3
488
353
8
41
145
253
227
205
120
302
261
322
196
500
53
217
225
172
393
365
58
374
8
474
284
230
402
481
454
400
117
251
122
392
377
206
282
73
356
61
360
263
282
38
409
457
431
223
370
1
336
91
466
222
44
239
184
246
372
17
309
138
259
130
235
159
398
152
87
286
238
297
133
105
324
196
496
9
480
228
191
496
193
340
400
22
132
232
269
226
301
14
160
421
14
223
266
500
387
400
357
270
394
332
262
43
325
49
267
291
178
60
466
199
309
264
366
25
490
374
142
25
304
106
493
201
11
315
128
154
407
36
10
448
437
494
34
471
377
209
463
369
310
167
345
142
266
481
298
122
231
194
87
181
441
283
96
257
173
303
309
445
466
209
88
474
283
15
219
266
408
449
139
341
42
95
44
236
101
164
43
230
264
336
453
215
19
401
296
206
228
193
59
74
225
319
150
435
439
148
352
96
1
299
175
440
353
108
463
83
91
150
376
107
101
453
461
437
196
165
128
6
492
101
412
138
86
434
185
55
313
143
340
411
89
255
374
238
6
377
357
165
166
127
91
242
343
0
206
33
67
452
356
35
183
456
67
410
500
270
392
293
307
470
466
340
243
161
62
339
268
479
468
345
499
355
307
260
97
151
156
182
387
390
167
321
312
186
493
246
261
319
5
35
223
98
180
406
182
231
482
277
0
303
1
78
8
337
160
19
456
284
247
345
349
165
69
312
395
34
135
192
419
313
269
313
359
313
310
306
279
232
0
428
364
148
40
301
467
254
310
12
219
86
195
162
292
332
486
203
434
462
210
475
462
260
462
286
304
208
148
433
148
396
12
196
212
124
430
27
283
329
344
468
279
157
275
166
8
93
373
14
436
322
6
306
428
219
371
447
454
85
266
150
153
6
323
122
98
248
200
371
326
356
465
447
224
201
45
271
232
19
399
306
499
92
281
386
201
108
413
123
496
355
0
218
98
12
369
181
273
444
445
214
199
384
494
45
138
35
28
268
448
439
159
468
25
454
165
92
419
208
325
485
113
442
64
274
245
420
202
282
279
447
128
430
259
20
286
196
208
383
324
347
82
234
70
429
307
294
365
89
453
57
67
121
388
69
241
445
496
397
6
472
465
105
90
379
208
36
408
63
414
186
203
166
14
253
69
149
236
215
150
232
132
254
422
272
398
87
491
35
99
465
473
26
65
374
248
301
94
257
150
44
430
184
107
283
67
300
317
20
201
26
475
349
133
353
189
301
420
235
33
40
450
13
328
362
122
414
374
425
316
472
328
374
430
431
147
226
312
441
295
480
288
146
353
162
367
74
195
206
222
378
371
335
394
283
10
419
267
400
132
359
314
427
479
221
186
291
309
419
61
295
5
491
78
304
378
73
107
495
286
126
478
382
378
282
423
477
87
483
231
417
246
499
177
225
459
489
65
37
450
164
282
352
177
45
254
234
311
470
162
147
329
132
52
222
492
329
171
461
447
470
339
155
110
225
245
37
446
213
330
51
99
350
87
450
154
382
184
385
384
322
293
27
417
322
407
189
332
3
26
157
91
127
220
216
400
301
298
483
43
164
146
327
457
350
232
93
207
63
151
114
307
388
408
188
57
41
303
477
285
323
16
44
156
445
294
309
459
72
71
44
472
249
268
58
298
119
20
343
428
197
418
485
356
207
461
47
90
258
94
188
207
185
221
466
188
35
479
158
193
277
36
171
378
307
350
161
367
200
103
16
225
417
254
275
82
205
253
174
472
483
236
144
229
69
66
119
68
56
386
491
398
427
419
363
27
112
447
254
76
214
383
299
139
494
321
266
8
289
27
300
272
456
479
262
154
349
322
367
186
393
234
46
225
126
493
83
112
76
203
64
418
178
500
24
424
228
81
52
28
454
183
322
197
150
470
80
458
75
107
328
465
369
126
273
108
460
173
148
440
438
69
135
50
82
48
396
160
166
88
338
3
179
60
288
267
379
353
143
486
84
385
380
337
440
472
226
244
496
226
445
246
177
85
305
307
406
268
170
144
477
203
436
278
125
48
407
25
389
268
195
352
295
74
161
70
500
174
179
312
293
260
412
180
307
489
240
391
210
243
364
302
368
171
66
257
437
479
350
338
455
455
106
353
413
427
471
44
266
228
2
53
86
339
48
22
271
119
0
178
46
107
156
175
284
44
263
221
250
336
49
289
395
245
343
347
129
255
260
369
108
433
486
488
302
264
13
169
151
110
364
417
344
342
79
435
303
262
262
227
378
347
490
492
351
371
87
67
17
206
49
265
112
82
423
102
247
389
321
240
464
388
419
26
318
271
34
261
33
271
317
397
416
192
322
74
10
262
229
119
436
286
415
384
109
467
417
58
310
410
258
378
254
180
353
300
173
367
272
372
218
108
87
128
154
85
250
492
88
246
267
483
326
36
487
196
162
370
386
290
70
479
355
249
311
215
476
497
290
51
209
191
443
307
140
493
59
306
144
417
434
339
9
307
319
454
62
397
269
179
248
2
489
283
7
335
250
306
98
156
37
192
317
482
320
202
355
27
83
463
429
345
334
466
175
209
22
475
194
296
157
75
142
270
108
466
75
144
122
75
345
82
274
201
233
9
98
222
16
346
265
122
289
199
8
240
90
85
233
193
195
336
97
434
205
41
162
12
270
405
18
137
246
156
236
341
147
78
56
195
225
436
224
195
70
316
109
172
194
301
331
239
338
168
187
330
91
140
62
56
371
372
357
402
144
429
244
217
308
204
217
239
487
346
66
236
177
255
429
474
329
391
279
494
156
279
362
335
159
357
3
75
108
115
192
176
88
120
404
188
234
329
431
78
214
13
187
50
474
208
488
253
152
465
232
185
236
66
492
417
485
354
172
2
75
432
217
467
439
28
310
53
190
416
480
226
133
32
454
388
82
374
243
413
431
102
318
88
32
155
477
42
240
467
38
6
126
438
57
274
368
217
139
459
9
452
392
99
282
477
33
246
86
285
84
52
135
459
356
328
353
394
257
374
220
307
45
11
373
474
366
500
50
325
244
3
80
38
414
107
199
389
162
268
127
89
241
267
251
155
249
168
168
246
303
366
318
254
33
81
388
496
43
337
378
65
76
26
51
410
240
357
238
186
172
348
304
256
175
254
470
188
184
427
303
402
222
278
48
356
424
238
300
389
410
177
245
217
263
117
329
211
92
250
266
456
73
24
179
85
375
301
295
428
229
467
149
276
54
260
321
238
421
36
198
58
232
109
264
132
14
415
185
220
331
492
450
156
365
180
371
183
374
0
39
211
143
498
253
400
478
264
167
399
208
486
337
28
105
325
346
444
30
296
43
127
248
377
172
122
329
46
362
395
436
333
321
153
64
471
320
326
198
238
323
100
265
146
120
452
259
403
417
143
91
296
192
252
166
304
227
452
224
404
86
275
54
382
173
136
214
396
316
235
60
220
231
182
47
315
319
191
359
323
214
203
265
388
275
127
450
58
311
22
108
78
246
105
267
223
335
414
4
320
468
24
43
53
48
61
498
243
462
444
204
463
183
362
402
97
99
116
493
137
233
383
310
341
399
390
437
337
454
114
26
136
460
216
62
77
437
416
439
326
132
24
330
496
375
137
33
293
24
201
26
219
412
250
51
213
157
454
267
289
191
441
357
395
235
452
58
218
70
99
385
7
378
63
406
194
155
312
285
491
282
384
314
386
76
217
31
359
500
441
489
455
414
459
360
181
498
393
18
115
34
443
28
376
408
421
128
222
93
243
55
156
47
190
156
321
367
140
42
491
463
421
77
295
97
115
278
35
411
332
457
391
317
138
454
271
285
175
37
247
276
258
135
201
471
167
483
1
326
61
150
170
40
284
134
175
29
223
140
142
397
72
22
171
221
63
18
472
33
434
308
30
491
462
494
82
246
85
465
194
312
381
17
5
286
445
96
155
408
371
166
29
338
449
97
177
159
157
174
10
138
9
439
326
340
426
291
402
41
35
98
475
89
482
280
249
415
131
340
290
35
114
254
277
473
8
108
228
451
434
256
64
139
456
475
396
333
191
269
215
473
131
426
4
32
10
62
202
401
208
169
132
31
87
383
311
104
25
100
237
227
79
275
58
445
335
189
484
88
376
50
19
223
305
15
52
29
192
275
12
273
246
328
37
14
92
223
401
190
401
165
419
324
450
336
362
315
136
292
344
240
172
43
158
333
415
369
176
270
218
412
472
24
245
491
46
121
199
29
166
350
46
327
379
391
478
225
95
269
72
425
318
17
335
348
23
96
438
330
132
458
355
453
325
308
431
268
5
392
160
232
273
163
206
136
25
186
62
12
21
489
475
164
54
479
101
442
56
475
480
269
76
108
40
355
56
132
144
203
256
384
87
358
233
269
239
190
60
376
181
349
452
417
398
21
86
71
270
483
139
186
357
398
460
240
183
168
104
467
153
179
135
454
75
410
408
60
28
409
85
140
75
377
344
48
417
348
52
369
122
221
311
5
314
455
428
386
466
124
50
443
140
406
80
175
483
376
1
97
180
53
292
459
467
319
107
45
133
319
288
42
1
292
445
370
321
316
27
187
40
35
324
48
217
433
419
29
245
34
364
495
419
20
177
233
438
185
188
327
261
451
219
479
28
208
270
274
464
197
302
290
232
106
197
432
216
39
79
404
468
241
0
328
300
33
30
364
54
161
189
69
146
397
74
173
496
470
462
376
51
141
489
259
439
17
496
96
386
346
190
500
225
236
156
133
185
358
136
269
48
29
357
8
453
135
378
329
368
363
334
389
418
28
120
459
326
235
387
317
105
204
73
425
71
150
422
302
174
492
383
367
125
345
284
242
164
187
148
257
73
257
159
285
214
473
129
471
39
118
389
112
369
196
145
194
125
294
342
388
378
365
448
93
61
259
207
427
492
103
5
284
230
307
350
498
17
221
51
378
490
300
363
371
194
41
422
40
80
463
403
108
234
343
209
288
401
397
317
179
461
272
64
440
108
346
168
420
324
460
104
483
462
305
422
438
25
395
319
197
300
38
234
129
304
226
243
308
372
373
246
470
324
16
32
367
259
4
220
205
254
306
314
386
410
334
420
217
220
45
143
212
225
485
326
388
259
152
320
309
62
287
471
133
154
488
122
314
12
482
161
265
346
107
404
108
163
485
162
371
64
218
3
39
358
48
499
471
312
384
6
462
135
421
424
267
44
78
435
142
356
170
291
66
468
352
388
471
221
124
99
224
365
166
302
243
386
264
29
130
179
429
469
249
128
41
277
19
17
212
172
321
459
151
160
442
499
365
478
10
360
218
27
361
249
281
436
199
355
451
340
174
209
24
371
358
451
200
248
3
208
449
35
432
257
77
464
282
351
93
85
470
217
109
292
217
68
494
107
191
294
11
99
276
368
344
370
384
279
332
310
291
75
283
420
258
265
397
39
233
448
30
318
499
210
320
287
300
290
361
109
409
497
430
423
260
47
89
118
342
269
358
75
12
3
237
216
301
162
240
383
405
42
100
481
167
331
468
145
469
309
277
432
58
33
479
376
316
459
2
74
141
439
483
7
161
101
377
217
65
305
315
24
164
7
163
374
440
133
146
156
138
341
71
262
50
242
211
60
191
133
264
286
314
489
92
210
181
486
200
4
70
215
24
451
136
439
106
496
402
452
138
349
495
325
7
283
405
335
471
238
93
326
77
499
95
384
464
445
288
11
32
266
38
493
244
288
112
47
157
339
442
289
310
203
174
316
284
484
453
95
478
13
286
17
288
453
429
464
255
8
344
247
241
75
210
206
446
215
233
474
478
297
161
321
409
347
271
0
31
332
436
281
443
231
494
305
77
194
268
37
3
153
381
186
128
15
121
500
77
257
8
381
367
461
370
393
371
47
248
276
18
9
201
16
157
392
306
306
253
156
180
391
140
274
184
439
23
256
434
484
276
377
98
248
151
10
486
222
216
30
421
370
449
491
6
103
199
235
61
66
66
172
435
378
71
112
99
43
96
371
107
347
357
401
28
376
93
433
333
104
143
256
363
429
350
336
421
8
229
157
68
250
397
477
319
126
97
161
334
154
452
425
415
41
327
486
380
493
495
6
457
396
242
142
311
21
496
321
324
183
492
91
384
447
461
93
23
31
194
355
452
56
424
184
237
300
274
445
400
347
189
3
400
137
281
248
59
337
392
403
399
234
122
422
37
457
407
247
149
363
125
379
178
245
485
110
271
321
370
35
185
306
241
302
115
232
423
276
65
489
477
439
41
250
329
382
304
117
119
62
406
370
139
361
298
347
339
458
8
381
71
264
202
461
254
68
476
358
303
386
139
6
218
392
261
493
114
348
28
179
22
454
315
459
72
380
52
104
27
285
67
20
420
281
66
125
162
171
450
365
46
175
458
454
330
312
270
91
163
246
112
414
162
239
8
221
338
460
445
389
125
41
364
58
239
83
462
436
440
172
426
275
63
292
50
201
349
150
391
448
241
346
9
318
130
229
322
310
437
169
438
284
40
479
125
283
344
420
428
345
87
335
93
483
145
433
408
153
454
353
460
236
99
470
245
209
451
433
405
361
354
130
456
303
418
439
395
354
224
277
259
235
247
415
61
254
475
235
483
130
251
266
20
101
76
378
294
128
174
55
15
70
365
402
73
178
333
367
416
401
359
96
417
103
492
163
238
27
211
89
486
474
192
326
223
265
91
488
196
435
398
301
320
213
119
203
136
62
298
204
44
32
12
165
119
376
330
435
46
8
0
432
88
451
349
477
330
213
252
255
349
214
41
67
296
436
355
287
440
436
459
181
151
220
331
416
140
94
0
78
19
285
72
440
316
448
38
348
9
209
145
290
309
370
367
452
328
54
403
361
347
492
196
134
311
116
148
28
420
227
285
33
394
402
347
447
261
276
311
372
147
189
45
239
490
329
269
248
115
260
460
275
74
352
26
394
4
236
180
426
152
158
291
247
423
291
220
25
169
163
243
479
431
55
14
108
466
242
475
43
58
212
227
229
97
362
398
489
433
74
23
484
91
400
169
256
63
446
480
200
151
262
456
296
58
85
290
142
479
78
246
231
170
443
474
171
256
280
494
237
94
391
369
422
153
285
192
295
85
437
389
440
469
452
95
38
139
131
301
134
214
330
82
88
179
59
65
195
246
294
335
362
3
225
383
310
12
465
379
297
70
302
105
461
452
24
355
433
93
310
262
427
132
214
414
296
414
137
246
238
223
111
470
482
487
381
18
156
399
316
477
390
399
59
463
127
283
402
346
88
342
17
364
303
343
64
105
137
118
125
143
384
304
261
86
11
372
239
215
328
5
237
469
402
373
387
486
147
108
420
328
222
229
119
391
0
119
438
458
483
245
442
73
372
459
495
211
359
1
147
496
28
389
445
473
156
296
346
79
278
34
343
486
245
97
150
306
199
290
320
406
106
152
79
435
478
428
87
492
237
127
233
264
413
55
178
38
469
487
63
233
123
424
457
245
159
402
220
156
327
350
109
320
71
213
106
6
432
498
431
324
246
109
389
113
185
378
309
154
261
468
38
422
132
196
68
361
272
409
409
380
459
48
228
100
47
303
452
259
105
127
44
428
91
215
81
220
492
486
212
240
42
74
142
408
8
140
398
127
480
89
371
392
218
194
227
187
195
216
230
43
423
24
364
66
268
24
248
141
26
67
101
351
127
48
418
129
192
191
204
166
81
131
25
92
73
258
368
50
472
346
318
495
150
262
253
233
375
429
197
125
33
174
301
277
220
446
485
419
373
153
454
344
275
226
274
171
136
266
246
298
136
4
467
331
500
170
93
451
5
120
17
96
400
213
163
37
125
25
430
286
89
88
41
449
143
175
81
398
273
208
370
469
39
209
302
56
38
341
389
81
344
8
156
374
264
51
463
195
143
62
9
27
131
412
482
214
280
89
190
126
193
31
271
243
432
384
417
367
372
323
65
328
82
410
341
46
410
16
187
42
475
237
58
426
324
310
413
202
368
191
310
400
47
242
407
325
58
61
181
229
152
224
371
14
298
453
374
303
261
495
159
402
112
140
377
348
353
214
394
311
490
112
25
237
146
103
353
59
363
496
29
299
287
112
75
306
376
267
417
7
497
329
313
137
450
171
140
38
437
126
202
472
224
388
90
51
35
245
110
426
283
235
378
427
324
218
173
207
88
0
18
10
344
29
109
346
172
342
99
234
455
103
346
453
142
273
336
133
311
149
299
338
360
144
407
29
456
128
477
250
213
407
387
46
469
256
232
354
68
165
269
157
20
163
147
252
422
24
357
361
320
261
262
240
428
195
170
325
329
387
119
199
419
149
412
336
387
237
184
126
220
73
241
3
3
380
453
306
28
306
28
392
148
487
364
116
313
378
297
2
31
1
160
159
473
500
45
180
268
148
287
465
404
206
77
366
115
287
131
388
428
201
491
79
337
82
87
279
245
275
385
447
404
35
480
167
141
342
20
170
318
142
290
298
96
106
113
214
120
85
73
298
184
92
160
46
270
376
246
282
151
95
0
420
21
215
478
195
183
464
239
478
497
113
466
298
175
430
456
103
221
325
190
478
358
380
425
12
276
347
367
307
248
48
394
469
323
24
78
448
257
468
70
57
107
325
202
461
402
143
282
277
170
19
417
394
304
462
340
173
137
135
402
278
359
251
173
427
79
5
24
467
19
65
258
452
301
297
111
328
252
324
443
455
472
345
208
260
275
362
337
115
372
142
327
241
393
335
24
210
419
364
187
121
119
376
122
187
480
311
31
469
384
455
257
250
273
130
43
317
222
497
421
402
157
229
437
288
366
40
8
21
211
357
151
26
309
127
451
173
284
105
416
384
57
428
24
154
366
270
219
37
294
2
364
490
112
15
249
239
489
315
55
347
372
209
129
323
431
157
200
304
309
181
146
418
234
447
404
448
496
312
461
235
134
325
13
214
200
177
103
53
62
214
363
256
71
102
453
387
227
416
108
359
293
294
220
143
164
27
238
492
146
372
312
452
179
414
184
495
433
350
359
122
492
309
408
200
13
274
175
432
341
459
474
397
321
162
361
164
500
188
436
432
53
13
433
167
373
30
470
239
171
37
304
164
378
375
133
223
464
425
375
104
5
48
375
172
27
62
15
327
89
259
476
498
2
370
317
497
249
46
434
31
120
192
437
48
115
93
359
146
23
215
149
284
54
167
60
412
188
134
247
7
278
84
13
109
217
331
168
285
135
145
103
52
332
331
292
360
296
367
69
476
246
64
418
284
116
296
449
33
333
466
142
16
405
12
73
461
378
440
119
218
161
309
87
255
109
330
412
432
412
95
33
102
31
245
323
258
220
431
332
337
135
120
213
397
412
0
352
41
106
307
25
10
456
144
65
487
197
22
172
327
450
495
378
308
424
97
28
89
89
274
473
107
315
407
90
434
34
223
420
115
368
302
158
312
138
259
282
473
389
203
65
339
392
388
7
148
15
318
19
191
244
42
204
417
36
500
330
37
0
452
315
340
383
445
215
312
328
466
464
23
26
427
402
304
324
8
402
69
151
263
3
19
303
455
239
15
118
236
404
459
143
377
353
251
12
25
415
325
337
199
101
436
96
303
421
182
216
494
310
105
211
348
9
463
479
446
49
140
415
404
412
380
291
396
414
266
167
286
499
207
287
288
58
89
431
308
179
179
49
403
147
462
233
244
289
439
381
253
392
219
440
359
72
217
359
15
59
399
106
235
327
47
279
185
371
448
114
270
258
27
192
392
110
445
396
87
117
206
222
233
188
453
145
308
328
223
274
349
11
230
230
130
385
70
124
143
351
463
373
482
258
395
112
131
362
130
24
173
88
456
403
342
128
436
33
326
439
386
347
422
377
144
191
500
77
230
24
426
78
465
485
192
6
86
277
104
439
191
196
153
317
205
328
49
385
344
250
140
392
422
197
271
324
495
489
223
232
419
281
209
302
476
165
115
447
137
145
295
348
73
331
437
144
420
196
435
391
438
395
341
492
389
31
436
396
127
62
144
200
162
489
276
50
494
88
114
448
423
280
204
168
317
199
299
26
392
201
487
160
58
306
280
269
74
159
472
9
266
104
162
153
125
345
18
319
205
67
323
497
347
130
442
354
140
