3519
4530
7382
50
6019
1761
1546
5614
7867
363
3631
9196
2197
9035
3420
3369
9545
8435
498
9202
4922
8048
7509
141
6406
2625
6638
272
435
4641
3817
70
1618
891
6603
4953
6077
2279
206
4649
4653
1501
7900
8904
8198
5314
5527
4148
8476
9104
1493
9805
3107
4027
9194
1876
3597
3622
2581
138
405
2268
1459
8266
4108
1754
4821
5996
8304
3452
2241
2670
4391
644
999
9108
1734
7447
8518
765
5466
6515
9921
1720
2039
934
5823
5599
7775
998
801
7883
1566
4204
3188
1470
1241
3492
9404
7571
8781
4580
1764
1055
1786
155
5740
4043
7232
4816
6901
6835
1279
2740
2225
2752
3739
6431
1546
5349
7773
7492
5095
3065
3429
2869
9925
1282
2590
9408
8636
890
7173
2742
193
3742
9807
4853
6911
1359
6523
7355
6309
3000
6000
6781
9595
1351
6573
2546
7814
3902
7926
4475
2948
5895
2910
3999
5425
9099
454
4200
8313
3349
1609
5568
1779
640
4147
3723
220
5531
8846
3833
4149
5878
2439
4566
6902
2794
7374
8034
4440
5538
9117
3015
9353
7877
1569
1108
4573
9520
6455
5028
7915
6400
9331
6759
6370
2102
5353
9914
6122
6152
5314
8040
1720
821
9965
4484
1000
3006
6556
6016
1308
3272
489
9400
4695
9458
76
1020
6788
8651
4937
5978
6140
4912
2219
3329
9411
3808
6697
9028
4286
699
9979
2601
7625
4685
8966
3555
9665
267
235
7398
9426
1622
9449
3021
2398
2382
4804
6638
2619
4097
6805
5301
898
3342
9567
2836
9180
9113
2477
836
8067
9008
473
2397
3297
5827
5326
1259
8178
5212
3640
862
8812
5549
9951
4026
4042
4573
3999
8643
2681
2204
1219
3704
6552
4031
829
623
1258
5640
8015
4801
33
6029
5662
6677
1299
5812
1483
6768
5509
9125
4932
9468
8905
5337
4210
1191
3186
777
552
1025
424
5286
1130
530
9443
8912
112
868
2355
9751
5185
4548
7501
4600
753
9707
8732
471
8136
7887
9843
2879
1386
2987
8152
6187
2703
227
2605
6392
7525
1091
9365
2690
4981
343
9596
7800
7863
2770
9248
6541
8593
3395
5939
7147
5601
6297
1057
7138
9769
409
8578
2469
7687
2805
1659
3094
9693
4826
1524
6402
9853
9454
6910
6973
533
4636
9019
8395
5759
9895
1542
5377
6630
8825
8328
1217
2991
99
6570
1883
9126
8765
8330
1771
8683
3613
6305
4262
3231
1788
5619
3680
7115
4508
2242
2187
5516
3535
6169
5224
9064
2530
1682
8829
4243
8012
1332
7770
7590
2548
3634
3984
9977
7072
9397
7020
1106
7886
2858
2160
4101
370
8074
3450
1828
724
5671
3895
2503
5156
1484
8990
3209
2572
472
3735
9111
7826
833
9061
1467
5621
8974
9751
4349
6380
4059
9565
9091
1406
6628
7995
5166
2288
229
8823
2852
3119
7573
6390
8505
6246
9086
1692
3798
5224
8783
5672
5460
3768
1926
759
5806
7372
9384
4229
3587
196
6578
3113
1415
3270
1284
8947
9256
653
5407
2496
4752
19
1157
9942
8144
6011
5077
8746
5547
3471
7555
8952
5780
9330
8922
889
254
6402
4488
1203
4534
661
2131
2021
4262
353
566
3695
5754
5510
8908
7822
1200
3064
7997
1847
3242
586
2009
682
576
3611
6090
6623
819
3867
9817
2596
807
4621
5042
3193
2287
2373
646
7469
8457
1138
9341
7954
5068
6593
9716
7736
6043
8907
6966
2615
4942
269
8888
7625
3945
2485
3757
6004
643
7494
7350
1376
3631
4486
3571
1457
5736
4095
5733
1287
2229
6357
4244
2348
5863
563
8798
3062
5003
5807
2537
7018
2642
5051
2223
4817
7057
3011
1055
7617
813
3425
714
3378
6771
1765
3728
8756
4791
7046
2980
7660
1217
5583
5809
2829
3359
1015
806
2508
1209
9804
7547
5803
4003
1851
3920
913
1488
1417
7490
9018
5149
97
2785
4339
8439
2771
9237
9350
3154
3844
4431
8656
172
6169
1869
3027
8271
8469
2371
8842
5196
250
6601
1216
3237
1751
3390
5867
6222
6185
1987
8205
1257
2879
3950
2351
1490
7128
2179
3473
2784
9568
1340
5934
6777
1546
5858
3604
2334
369
9341
8244
2140
4277
966
7009
2815
5530
6499
3043
2115
162
5249
206
536
4065
2749
8920
6189
7770
1943
5627
1136
7925
6944
6273
3360
161
6802
1191
8312
1096
4010
2014
7389
7858
6445
137
6233
3653
8324
926
2964
1217
6338
1556
2641
111
8001
2376
4673
8179
748
753
7747
616
2633
7099
6889
4828
1035
3924
5519
1954
7892
8281
2637
4744
7204
7356
5247
755
7629
7594
8910
525
7150
9227
5488
7172
3911
8937
6487
5145
4706
6358
4883
7972
74
5431
1737
615
487
8677
8766
1174
1711
1347
2515
2003
7475
5860
5398
8397
7923
9003
3030
5339
2413
7224
3544
5560
2197
7171
1346
6007
1702
387
8601
17
1854
3404
1393
8667
8214
1056
3884
9450
2648
9580
1825
7
4326
4347
6021
5067
9166
6233
3044
7927
2454
8291
6774
814
1026
6298
8082
1411
7983
2291
3213
2000
2539
8276
7809
7904
1811
941
497
6104
7094
1991
8952
2444
3185
8548
9176
8947
5000
5483
1313
9399
4903
1141
1693
4341
2251
2362
5690
5317
2628
5785
6825
9508
382
2421
6517
6093
1707
1413
6486
5686
655
9951
7978
780
9549
4634
6242
2383
3816
2541
7604
8644
1278
8760
7548
5534
7999
9292
576
2228
7552
5026
1326
1644
1143
570
8754
8779
2221
7059
755
4140
8156
9948
4865
9792
1744
280
4095
7416
453
3844
6325
627
7641
97
5667
2421
3022
8900
1024
7197
264
3970
1340
6148
8741
8105
2100
7583
6682
6729
6000
4344
867
6353
5747
332
936
192
3398
3009
6203
8185
6527
862
5648
1141
108
5490
2349
2589
2721
4112
8343
9780
805
450
4602
9992
2605
9142
2309
5250
3171
4392
6515
365
5868
1036
9413
9518
3072
2296
1567
6710
7430
2640
2552
2790
5956
9389
7458
2412
8763
9117
7729
1118
9157
6145
1073
6321
9899
8933
6392
6182
4246
8253
7564
6596
3408
6614
8472
7672
8594
865
1798
1215
132
8094
5678
4033
2079
8461
3512
10
6885
9959
1664
5388
6852
4521
2484
5066
3780
2979
1815
4589
2226
5114
168
2012
5659
2318
8831
2807
931
5702
299
5852
5903
9903
708
8772
1139
3975
7654
9380
2229
2165
1757
4255
901
9325
9611
1024
4222
616
8769
4272
3901
8329
9699
404
2848
1188
218
4578
2080
6253
2458
1595
5123
8526
630
5177
8526
1368
3477
7931
1816
1811
9681
2596
1046
168
7977
5175
3074
8959
8568
533
4318
943
735
1743
7082
2336
9020
8611
7822
3362
8404
8364
1108
3263
4031
8448
6180
3003
6557
2664
2835
1046
5470
9555
3582
1892
4025
5318
6827
8432
2597
7412
6786
7402
7080
5589
7871
3713
3392
2032
2198
329
6422
7373
1818
1197
621
1463
7069
6463
8915
2935
7119
9803
3700
242
8592
3496
3414
4376
2140
8303
2307
7686
3929
7371
6214
6621
6602
2758
2622
3475
3040
7387
2307
3251
4323
9955
9123
1369
5185
7969
1791
5983
1140
4085
2836
4041
6123
3675
6547
3155
7554
88
7513
2867
8340
1917
368
9109
4834
5751
6061
304
6436
8927
2778
2982
1392
6002
2147
2341
2775
3433
110
4166
8779
3212
8650
6306
8305
5286
7511
2051
1776
6913
861
5973
4691
9035
8221
734
1534
5047
8661
5861
2263
6272
2059
5904
7675
3588
5141
9001
3116
8460
775
2197
1319
4281
2507
1125
2765
879
4082
4873
2628
6913
7832
1520
7621
6410
4902
1537
7543
5252
5438
7751
8662
436
2532
9238
9694
7509
3617
4702
3267
54
5437
2675
1926
7701
3077
9623
8152
9935
4309
2256
3631
4305
6735
2763
3851
1424
4756
1145
1107
2577
9776
2316
4789
9364
1323
9797
6910
8633
5922
2599
1317
443
3899
552
3933
7191
2922
3362
6902
6095
4394
9957
4655
3849
5953
6166
67
90
1342
7071
5119
8251
5121
4640
833
7925
2009
7807
7895
8377
8764
6288
3610
488
7947
5901
5314
7018
1907
940
6950
2695
2522
1610
8505
852
4992
7985
2275
6413
7436
1945
2638
2341
4991
1302
3531
5156
147
319
4157
8701
6155
864
7515
3507
1344
1146
5922
286
2730
4161
5543
2765
8858
5976
9861
9461
661
7687
4737
3024
2261
6284
8602
2698
6793
4859
2350
2549
2213
2270
9082
4879
467
5695
1426
9747
8778
6602
5779
9591
3687
9094
2664
730
4485
1403
811
6072
2606
6240
2741
5020
1494
7430
5353
7715
9711
2131
548
5761
9430
948
693
8260
4144
6114
288
6382
2441
460
2315
1890
5904
7782
4844
3478
5235
9653
8086
8691
1595
6114
9834
8892
8320
3371
2643
4628
1287
5912
2406
7377
2234
4295
7190
5205
5225
3431
9015
4753
8216
4979
4837
1931
3343
9300
4113
9293
3385
9312
8585
334
5702
2985
585
6354
4078
7219
2099
5689
7430
498
8757
9674
1983
9838
8646
921
7345
5987
4599
8656
1196
8592
55
5003
2796
3164
9051
1678
7668
4087
8320
2866
5832
2328
8886
521
4856
4436
2754
1990
8583
8922
399
6328
310
7461
2541
5630
8681
858
9531
3286
165
6557
2089
6939
9421
5924
6497
2778
8791
8335
6240
5924
5724
7296
1351
1435
422
2844
1046
9639
3553
5717
4686
3475
1472
461
3762
1154
1298
5565
7321
9061
1411
4785
9701
2416
5673
7334
4317
9956
3916
6000
405
9697
244
3598
2861
8832
2529
8145
3586
819
3982
1391
5523
4177
5533
6200
1837
1574
7332
189
2506
2268
2146
8773
6288
3891
9612
1418
1399
9206
6654
6147
1811
445
8796
7391
374
9372
2143
3926
567
3792
7105
718
9545
8425
7945
2681
936
9808
8986
8019
648
4419
1562
1903
2662
7132
2124
3700
419
1750
5358
2962
3331
7744
6380
6333
817
3884
3914
601
3413
1831
7463
7208
4411
373
8905
5798
2634
2080
1294
1079
8332
6714
5299
7150
7036
8451
9698
2912
6785
207
9307
8513
2478
6182
6362
2346
7668
8419
7240
9233
4363
1523
724
343
4335
6635
2298
1031
5913
6875
3185
2898
5928
6227
979
898
2264
4707
1650
2052
5219
9655
2519
4458
6939
1953
9407
563
2664
4892
2435
3236
4123
8295
7094
3876
1787
5220
6753
6218
4397
9805
2594
5742
9306
782
2674
9125
5846
4366
7370
2858
8707
6566
2702
340
3509
3504
1779
7618
4098
3212
7329
1147
2513
2589
670
289
264
3834
7347
2607
3587
3207
1349
3375
884
4072
904
160
2684
5377
4605
5801
8490
9875
6777
824
4688
886
5343
4409
5754
1918
666
9388
9521
924
88
5281
1520
7108
79
5509
1918
3787
1346
8304
8581
5014
5409
2986
2323
7298
1173
2856
2365
9914
879
2925
2085
1931
2026
5045
2442
9245
410
1202
1481
7600
5113
4340
3864
2133
3989
6414
9705
3270
4549
1766
4097
3922
5139
6172
1714
7466
7725
4736
6389
9471
5891
8781
4716
5017
9356
7899
9996
3116
6503
3251
5963
2991
44
6164
1097
1870
740
869
4664
2216
4048
6506
2927
805
1026
3407
2452
6528
3271
889
4874
8266
8084
5647
6238
1833
7693
82
801
1152
8101
9019
4113
782
7546
3718
812
7265
2273
2309
9159
677
238
1239
6058
5364
7689
6266
3533
8443
4129
2267
3160
180
1239
5900
7717
143
229
7446
7211
6843
8047
5402
7254
5208
5880
3175
8859
662
4210
7583
190
8602
6345
8948
8264
1462
6194
8676
1365
4950
4974
8557
5903
6024
8356
7035
7620
5493
5756
4571
6424
1661
8399
3362
1343
8278
3375
4974
7641
1337
8627
2067
7697
2660
1192
1348
5345
7129
2354
9686
1464
6631
552
8184
4960
6299
6113
1665
9062
3973
3130
7549
2839
4014
3194
34
2516
3611
3958
1055
2292
1022
9579
2848
7963
1130
1968
6134
1359
5615
8433
698
2283
1845
1208
1075
