23740
13779
24633
3895
18969
2708
23473
16096
10032
14426
26489
12147
8177
23529
2969
28143
24113
17743
12086
32493
26098
29462
30462
21368
1765
19902
25287
32
1837
14187
28274
27210
27494
17370
14870
24522
32742
11417
32091
19636
1858
21880
18979
878
12820
30011
25200
19210
17404
13969
9602
10195
2533
25930
22591
4646
1418
31684
19672
3972
29240
9382
11690
25060
1749
1233
28514
16718
6433
24980
11877
21413
1596
30495
31599
22213
1129
4923
23417
12494
16913
18488
32481
23230
30219
19494
29637
22854
17690
22600
22447
14294
8375
7365
19576
14843
785
7329
13414
14058
11347
1516
31128
21341
17701
23097
25764
3485
2677
31570
18046
20448
26231
28714
31132
31958
6890
30227
32343
10879
24734
12849
13973
32575
8243
5935
1189
25908
10275
21296
20842
1991
1027
23049
15804
20353
22789
24493
779
20513
27586
22248
18245
23787
13110
18513
26618
14146
7436
5498
191
2937
26396
31849
12496
12263
12851
28492
25593
23097
12818
5224
8886
16140
7865
595
11673
20412
19173
3171
26604
2678
983
13158
21912
4245
7767
3731
12357
30507
21753
16577
22467
1501
23455
19927
8616
22517
19519
25732
19515
5042
20710
28720
6289
11234
12029
1842
20470
24499
6092
2371
14479
27847
25148
562
15677
10118
4577
9434
19651
28088
20279
29266
13356
10067
13612
24931
30823
18833
6111
6719
29493
4166
10408
6767
14149
24945
7000
21774
32668
3857
12482
9013
11835
27450
19066
6326
7676
25191
27612
4365
19390
4114
19536
2195
6849
386
24269
5621
14419
6885
29340
6117
25261
21150
20831
27407
5912
14048
32337
15439
27476
29052
31439
19233
5689
15863
13336
12377
27551
1504
32337
32020
20348
5984
16588
17902
25676
10771
14217
28277
30902
9750
28157
18654
30828
24930
22291
24055
25683
18264
9841
29021
5604
7836
20220
5615
20946
24871
19102
26242
28140
23192
3911
14039
3654
203
21809
20682
15763
15021
4713
4555
25814
2383
20363
31890
26170
18233
14796
4879
24381
29184
5694
3232
22036
12827
31312
15495
22091
5362
28052
15515
16557
11576
22726
12349
21091
3451
26121
13198
10080
20729
13939
19168
15356
9910
4300
26218
12766
4811
28051
20031
23584
23041
1090
2689
22190
19358
15828
7121
11503
23935
12419
6155
21416
20071
2262
32560
31261
17047
987
23716
30329
3743
24241
2202
20847
9331
24394
7628
13602
22209
23151
30575
17218
26242
23301
19302
5752
3792
20110
13494
29445
759
23283
16954
27302
4814
16768
23960
30650
26952
29488
7795
21414
6470
14891
24034
3193
27823
7309
7713
7628
10691
23657
6791
4333
17068
14606
5048
26684
9046
21896
11292
22996
4481
26730
26768
7534
21269
6347
10587
20867
3765
11407
12131
15281
6806
27624
417
26720
11666
24091
18130
28069
9848
17288
26479
21863
23975
28901
3040
29376
13531
28618
19181
9893
22854
2162
7285
22474
27619
6336
25698
8640
1031
23680
10716
32608
16441
2800
20157
29805
22851
28030
23365
31349
27529
21460
12816
13560
27290
2322
16452
12493
29445
11866
32271
12992
28270
7826
21329
22912
15840
16229
13461
5817
24165
25483
3142
17277
15316
8779
17440
21480
9707
18494
740
28164
7069
17749
29264
26602
24749
15389
8526
28970
4476
5698
22124
27501
10528
16979
26252
13913
11701
32452
25564
29365
30456
22073
14601
206
17170
12546
1200
15897
3505
8161
18710
17945
23901
17428
17432
14979
31498
30863
869
22177
18409
8330
2282
20980
9604
16187
5006
22045
9226
15589
24608
3070
27367
32017
30349
1052
3992
10779
22359
32327
20158
23025
7490
21630
23409
28696
26449
3341
14550
24816
7920
22520
20980
14904
28275
31644
17347
5332
31679
29844
3462
21454
15175
19674
7003
21660
28475
28206
24337
29857
9979
29628
27449
4086
21202
16121
17536
23913
16353
21454
23868
19398
4185
16376
28484
17494
1006
4527
10245
30374
9352
8581
23250
4489
11067
13202
11644
3424
12665
13262
29475
27545
646
4542
10571
3958
8493
32595
19250
5136
21938
5903
28514
17307
22535
11625
25474
5099
27202
20851
14961
19511
30543
16570
150
14366
2530
21101
2673
3047
12208
7618
4470
24077
7391
24470
4892
23035
9147
25428
9777
4116
21674
29463
14960
1782
23138
4883
30293
29184
26201
3121
10032
12562
16765
2553
30585
32147
21798
20405
24419
26809
16457
18643
947
3844
19694
30860
30419
9484
23012
3267
4130
16765
3251
6192
19855
2144
24530
14269
29542
7068
24858
10032
24169
29884
13435
2315
15395
3058
12014
26032
7545
28764
7594
9673
6018
13703
3483
3047
26265
23090
10000
29033
18352
3156
29108
19104
31719
28256
5311
13873
10845
16839
26477
7098
5189
6846
26032
7608
20285
323
23841
25256
31196
9050
26173
31084
7818
31901
32206
23793
14485
5875
21159
23311
3969
18592
7060
25264
23711
4990
2449
32053
28385
2441
10810
30485
16620
23201
20099
31687
13679
28556
18857
10467
28083
13883
7273
23684
28276
846
24687
17136
1776
11482
2065
26491
11837
17001
17981
19624
19167
1602
12976
20370
6298
3051
32361
23178
8325
8173
19550
11010
30560
23767
621
11946
13863
4485
9877
15320
24807
23714
7270
10541
12241
8556
22198
2166
28301
14775
20886
2256
26065
2357
26757
17424
817
22004
23779
31585
13113
2600
8360
1839
8633
17195
14677
32324
21600
20930
20267
22577
21388
4002
15515
3824
21857
11827
12799
967
7961
25235
16775
11119
4250
4830
26486
17782
3662
26797
25230
8930
15663
27868
28872
16407
17697
4241
17481
13819
3461
18297
17554
18007
10251
5973
28663
1921
24007
16566
29010
29496
4744
25860
15864
23759
29285
19909
20460
4750
7576
14620
20563
11861
18064
20368
17960
22914
30273
9999
7473
2069
27327
30515
6450
28434
17419
25284
2400
14887
29484
31357
20504
17551
8066
23827
4817
22838
30296
6259
9808
15902
6328
12363
2843
3841
7043
28109
3631
11064
19905
23728
25077
15067
14645
6519
17267
3882
4404
21749
32703
25131
952
12561
28090
14741
8369
23239
12282
28909
19355
1391
21256
12015
27477
11074
7116
18991
19505
14106
6725
24832
26696
31609
21630
10389
2576
6861
7613
14182
32048
17650
28157
20181
16786
28153
19870
26642
29882
25128
10588
2108
25943
23361
8830
8137
1304
31496
12111
31015
11457
20223
8146
31395
26238
16756
23218
16267
12919
7101
26232
19599
31140
32195
4864
25453
8931
28349
22318
14798
32328
27454
14045
5994
31412
5234
17688
8051
22953
25764
5773
18737
21852
3332
14398
19434
27916
24744
32378
516
19347
28880
16396
1901
31803
15982
20914
5947
25042
9446
21969
27792
9217
25106
13414
10945
1753
24457
20288
4279
24751
8481
18029
31637
8746
31922
24818
31898
9370
32541
28095
1610
12939
8845
12513
29896
32411
14845
12538
30087
31880
13819
30958
4641
20621
9899
8672
25223
18671
7950
14685
10843
5587
23940
22486
26010
13138
23952
31572
2174
14799
14044
31335
30371
2184
28029
9055
30056
32364
6007
23487
7576
13613
31620
21487
4170
29333
3345
9009
29445
17437
27018
24534
30504
30908
15063
1970
28809
27901
8999
19661
16221
23892
5612
6747
4440
12978
16934
26095
15893
32087
29157
8427
17079
4584
777
24123
8401
31937
23885
67
9347
16268
2436
789
21990
3346
20002
14056
6570
30546
29949
32454
17662
17360
7765
26500
10416
23088
17682
10999
22422
259
22606
29541
11308
23777
3603
29498
20862
26040
21350
9468
21321
18019
32132
18305
31069
23167
8299
27232
29253
15994
11932
7845
4394
9708
17952
8137
8949
27691
20169
2273
7860
4890
19898
27157
13631
9281
4649
21076
1051
10275
8036
8518
28574
10187
30738
13698
26708
27817
11964
19202
8098
29340
24460
7635
28585
16464
30548
9489
31341
6602
27601
31251
17463
16705
18738
16355
19768
14896
14548
7921
28270
17065
25936
10504
32204
30444
24503
14720
32149
21304
27164
9654
23305
2017
19283
20921
67
21411
4089
32070
15714
22582
23732
23799
19687
7458
13756
21431
30558
13525
24475
24697
6721
14323
15665
5162
5657
2797
20218
9187
26598
8661
14228
27492
29121
13937
27003
29630
14016
9358
25112
21071
3610
24726
5626
29683
4491
15461
29283
10361
19194
28249
6150
596
25946
3752
13071
24211
25806
32503
5220
10516
10768
28712
28714
12532
17683
31347
25996
8521
23271
31672
13239
29204
8926
12307
16425
25969
16109
14514
21036
25873
29524
1251
10141
21482
385
20849
18162
10285
10802
12849
12924
24953
6875
23000
24808
12110
19015
5135
7948
23492
2177
9674
16097
20093
17909
2005
14283
15320
21971
12207
7201
21607
12212
23196
2025
2212
29824
3830
27875
13535
14991
18372
24522
18811
25870
32398
19158
17242
2725
1903
10629
2198
12118
29547
12699
32114
21929
27907
3431
26000
11014
17159
2889
25956
21346
5548
26225
14312
6174
23006
3305
27793
32299
9943
1750
16770
1907
497
25339
28161
9076
7352
19582
28967
4910
14660
11759
14555
17472
10438
1414
13569
26446
6240
20140
10990
17829
8250
9405
23839
6690
18642
781
23339
29008
31379
17961
3575
21712
2986
21087
21545
17918
24597
896
17119
19409
20476
18916
24224
6147
18501
6319
24723
1906
22883
2387
23534
455
10350
22614
22450
31829
30329
8022
12438
9284
12832
28746
22336
29678
18272
13834
16059
14217
8620
32274
3878
17671
5180
3970
28841
27450
7337
29546
686
23612
13239
21061
21325
5902
8305
19139
27399
5247
380
9676
16568
15183
165
3009
10695
24469
25788
7941
6816
20830
30117
8124
19300
16023
26284
31954
5342
27693
15129
30271
6586
2674
22788
13450
4081
10435
15979
31116
16008
3176
3202
20087
890
28347
23882
21271
30195
26252
5989
4695
30910
197
13353
6
20737
19530
11251
987
5416
23843
31934
13751
2079
2781
32500
12075
13508
28205
31875
5690
23964
25047
15924
17760
5316
2766
825
13523
4139
11165
5892
2312
3583
18181
31072
27257
23909
21992
19642
2726
24429
5222
32447
31321
5189
10821
24365
13615
2221
12950
6370
1620
14250
26261
16698
10894
13439
28626
29079
21373
12505
9614
8001
28705
13130
14696
9585
24220
4600
5945
13736
27449
1431
31804
8773
16558
26772
2418
14167
11678
30355
21828
5552
25442
8220
16491
17467
4617
18065
4621
27535
1437
29796
7976
28611
10408
25990
308
23684
4087
29731
8196
22374
29598
15756
4846
3192
14653
4981
7467
18715
29569
3424
18816
14612
31469
20057
26910
31199
986
21220
31176
30790
21948
23348
14131
19507
1960
17821
23474
1731
26131
27980
21523
9883
26077
24886
27331
9855
18574
1870
11833
23073
21983
32763
5778
3382
20092
24009
11897
6351
31752
1375
17226
25319
609
18865
24695
31800
22054
6262
6698
20564
31863
19165
27436
7152
30716
28283
10757
7555
1833
6792
22885
13328
6080
9548
22466
24639
5015
19924
12867
23475
27291
11753
7901
15000
32277
2115
25020
19323
20780
18169
8676
10591
8875
15932
28952
13325
21509
1861
2810
25259
16791
1932
3957
9360
28716
30779
15448
17495
13254
482
27203
306
13212
16492
20679
21121
28511
17234
21961
2468
10689
24078
27687
17933
23608
23763
17823
28569
6143
29051
23532
11040
30815
27841
5425
32075
2604
6064
1947
4005
19602
16731
8258
19445
12050
21711
12625
16844
12487
2886
11111
2650
1262
3741
1597
7813
24741
8200
7304
21309
22003
5893
32545
28681
24585
19598
867
5094
1223
18067
4308
23634
12162
14247
29192
676
10501
9978
11459
25502
20693
21639
9566
9541
31674
11662
4460
28400
7034
25925
32157
26528
5096
1483
27362
28303
24861
3421
18129
16908
29446
27596
17228
2181
25119
29742
20829
28646
24957
5844
17253
22306
4626
30589
23158
13838
6957
13257
17149
14198
11328
28145
17572
14699
19430
28596
10614
10202
6180
31125
8260
25955
23535
4675
7752
13927
7663
27225
1033
25187
3203
10311
2430
32637
27397
12432
13686
7261
25679
15927
25656
15422
26238
24435
8550
22853
27638
10922
22823
24849
21926
16285
9348
24467
14989
26849
13587
19488
20604
29070
9171
11460
21022
827
10072
986
1591
8233
29992
15321
19497
3518
21092
1393
20924
17205
6059
23511
22046
12437
11323
9053
7721
29151
15449
5701
32229
17036
12020
29655
6990
17718
7813
9649
20055
29590
22841
20319
16942
19118
11346
31787
15298
1863
32458
24374
10627
1694
32570
22984
24680
8027
26875
15333
10807
1730
9355
29473
2305
5677
18226
7093
21483
1210
13797
10193
4405
26945
28522
4404
12660
6281
16829
18683
4130
13243
28339
22966
23897
31510
989
28609
21724
14565
27055
15314
26199
22702
28129
25550
13032
32429
19734
30177
989
13184
32700
4557
7872
30756
20019
15490
6801
22048
28721
4592
6738
16384
15205
18713
4297
22021
9562
15978
29057
25371
7327
30795
29458
9739
32037
23029
18082
15090
9192
30851
26796
14578
26065
17996
28416
22567
28123
2161
30731
13277
18038
19122
8025
32000
4649
17798
7000
12499
14202
27242
26719
10213
1042
2681
9454
4418
2845
19261
824
11750
17136
24005
29662
24695
9710
11255
28158
25907
23212
28712
30828
17959
10067
27370
22591
24481
13382
11045
2192
2281
25093
7274
24446
13612
13906
20355
1141
8377
9362
12623
7089
24176
13685
9165
19197
22902
20953
11638
31681
7982
13548
13008
32315
1381
18833
28224
29197
205
30470
6687
6136
16301
8387
273
28903
23766
23973
26770
20015
16089
10827
2514
14101
30583
6849
3267
18321
14169
20315
14704
27729
10754
12516
21392
8193
19969
14328
21595
3530
7531
17327
30364
15640
6792
17276
18696
10913
5325
14420
15054
29347
14858
20754
22127
28780
18405
9754
7888
30496
29063
22588
17038
1975
19861
5852
6545
10309
24674
20816
8420
16510
5731
6026
26819
8057
17123
28151
10486
3764
30455
6310
28510
5721
17589
8621
7374
22207
17057
7881
9244
6964
25448
31300
16247
2554
30161
17180
4090
5519
24816
18529
23426
4913
28829
991
23741
6818
17956
6141
22916
4905
16702
25829
29547
4569
30016
30949
26262
27925
32403
24597
10958
10580
19556
5947
10963
8994
12956
9707
1524
6760
22547
9203
4062
748
21760
11766
690
15899
5557
3414
5978
8711
21897
5975
30748
29100
17941
1922
16751
10871
13987
22856
1294
19209
20451
25832
844
30520
14304
17299
3751
7510
12851
16077
19871
182
4214
20246
20169
19821
1788
28106
8991
6486
14783
15942
29338
30297
5530
21068
16131
31212
18873
3497
18694
24025
30029
27924
19336
7746
23940
13402
314
14563
16312
18360
10350
29080
5095
13448
31018
16415
21347
11553
16763
19230
6090
31736
7180
5224
9785
12811
29943
14972
15037
5247
20699
29519
10250
3463
2607
9291
8048
9353
30934
15255
13578
16764
14323
11929
29753
16277
32254
16825
6224
4898
15128
32104
15761
1718
29083
29793
7769
21382
31990
16175
12439
6419
15032
20720
14210
30729
18922
2392
7564
21607
21666
10233
10897
737
6101
1217
27221
25987
7533
12740
22317
15254
23707
27195
7420
10439
13423
29389
2145
14214
29862
20238
30255
23213
26819
28742
22302
12898
6497
16755
7104
6206
14279
13457
7350
13999
26557
13592
21283
12186
23454
9159
30049
5701
30383
16288
19443
16501
27055
8244
21179
13011
32175
9504
31341
11412
292
32472
7748
5721
2875
13475
500
22612
2412
19431
27615
23469
19282
29863
12171
15140
186
24394
15444
26359
24058
8094
1118
16390
23172
16668
20430
28213
15802
28782
20538
30226
28164
24110
2141
20920
13856
16113
23568
4339
29882
3204
23670
17572
27197
27765
9334
14695
6376
24533
22894
17780
27428
8253
9253
11715
5141
19983
13826
26228
24175
21502
11900
12909
23947
9169
29906
26181
13498
12387
23036
21089
26841
18671
5857
6236
28709
14730
31434
28588
29777
21745
24087
7555
31446
19333
11569
9204
26507
29588
8127
27735
3445
26330
28701
28910
16864
6472
9993
10697
9646
19716
20384
16614
6384
1968
10122
20893
3251
27887
8049
14139
10012
8741
16311
12014
28088
8063
17768
20705
27149
4660
2925
9383
31861
13322
5123
21725
20780
15387
18028
17931
11175
19673
13540
5324
31783
848
32471
16175
29583
2987
9041
32092
2418
24314
22454
3451
10353
3634
14003
30417
29892
15989
23412
2092
24854
14996
15640
5506
1430
15827
24162
14549
27979
23532
9649
6745
19879
10838
28978
985
23648
3782
15188
17239
14203
22263
25468
8435
5034
32167
28411
27662
9431
16610
22077
25518
29953
28034
12866
32292
7495
1015
24146
21485
5442
6724
25069
12759
3224
8010
14082
5732
718
25417
16481
7795
4446
2468
1137
9501
7178
18404
38
6878
23407
5632
9774
22517
30173
13276
24171
28173
6758
10255
6566
15644
21045
7145
19842
20364
31778
14517
27822
16793
9859
27195
12127
14330
15172
10889
16382
10691
12858
15091
8221
394
15796
28249
22960
22984
9555
26792
20602
22659
17180
30627
18373
28202
22220
26852
28758
31681
9067
285
4768
9277
2852
30884
10552
19762
7508
8495
32649
4779
19169
6364
10441
12889
13517
11892
25388
12785
18699
23280
15191
17615
8593
29756
1047
13535
22958
32060
30291
21181
19870
14093
3391
12571
30812
22413
29395
12132
25527
2333
4220
6046
24232
6053
6161
21397
28131
28377
6408
32054
10924
19899
30186
20025
1004
21345
19972
13059
5508
18681
12128
1226
2529
19722
9459
12026
14800
17405
29976
17367
32404
12763
9277
17508
27191
24920
4060
8068
23069
31761
13742
11360
6111
30738
31515
9224
31830
32411
2292
24157
18677
12324
3940
22062
11100
27038
1572
14497
7979
28412
15599
981
8724
7922
20534
30917
28213
5116
22036
25712
11940
22179
22404
1079
25163
1276
27090
2438
24822
4977
31823
182
13994
2755
11849
7986
18745
26448
16698
15577
31763
32146
31552
31908
18015
2025
3533
26761
28490
16794
21664
1183
25759
13079
244
7554
24473
4993
1271
22009
19445
25451
21373
14294
9546
9441
18422
19486
16029
21672
19101
32362
10288
2248
1267
20365
10140
22600
14956
7031
30239
28729
6504
30298
14647
31222
6244
25867
26992
13993
13170
29866
7034
29713
7654
30085
24446
16003
15443
23866
10930
29743
31414
5148
32556
7589
21232
12760
17908
12184
6010
27993
3932
6625
22100
17384
11668
18374
26686
7064
23929
30077
43
25825
29102
32492
20211
32651
13294
2995
3912
26317
28832
15468
3563
26807
24748
15665
543
27853
25998
24927
19039
3573
19369
11418
24908
2963
1757
27922
7913
22002
7515
19204
6666
14822
13496
29059
15882
28591
30017
13432
26813
4385
14223
22504
9381
15106
12379
23669
21353
23988
3731
29992
23682
275
16300
2669
13368
32673
20027
28255
20173
31969
3775
9798
21496
6912
3777
27998
9877
13242
31264
21723
5274
6268
27302
9513
17229
7622
21982
25720
11188
30164
3370
9848
15181
7805
1040
2401
27904
26203
20693
1079
28242
19756
6989
27212
9435
17272
28145
18438
10234
3445
7474
31970
711
19751
14605
14009
21065
30667
15584
12867
5098
14966
29052
25817
14375
4602
13691
29567
19852
6665
8148
6945
22496
22429
12460
28189
10141
662
1135
2818
17827
4773
15648
12439
18220
4970
5613
21280
7683
985
21767
5852
14577
17634
4016
21458
2168
23377
29846
1742
15300
2291
4191
21414
18911
250
16517
31937
6948
15266
18532
29658
26358
11541
15505
26626
6578
25484
14446
29924
22241
20664
4603
22349
27571
16992
32751
19180
17833
20043
26120
30038
16785
13664
15263
588
26295
524
16511
21825
25178
26084
29687
29719
22365
6796
558
3882
22079
18903
7095
19087
4429
16687
27493
11422
8470
29752
7777
21933
27936
4784
12921
25887
3289
13722
32443
12190
13520
26523
10819
10916
1061
3236
1361
12608
17983
27857
30879
1559
31932
26257
32497
13993
17838
3080
23789
17365
29188
12209
2861
13215
24646
9288
1683
28722
28550
13287
31452
6177
7827
4719
31608
9202
11119
20265
16025
1245
18179
2477
3723
8401
12562
28163
25923
20408
20588
15369
26170
15868
7012
24084
10876
22602
25731
21210
4859
9366
24446
28304
5418
11359
29286
14159
13767
23604
10015
24764
9720
31863
20755
10984
13978
10081
15143
10357
5590
24646
29167
12283
2805
12314
32285
31913
9333
27445
9024
16944
3164
1107
30379
14300
30412
4319
25266
24324
24280
25201
27165
2213
1430
22933
16342
24138
26485
21966
1765
29231
7121
26330
20126
6821
21189
9016
7961
7352
25921
18408
10723
27152
11100
1394
29427
30229
3307
7721
1504
26199
82
14769
2897
8748
27546
4543
21172
1435
7108
23584
9267
15224
18013
5629
28387
721
18771
5213
10047
25481
7431
32235
27094
5699
11427
4602
13888
9089
2222
24774
22102
32269
10206
22780
17827
7321
10797
20093
11541
22178
21038
24159
18168
2202
10402
21557
16165
17221
32327
29841
25463
2660
16368
20679
14463
26257
20698
2035
18041
20074
24382
6461
12926
10993
26403
11099
30715
31539
22390
27992
22113
23336
3420
29844
18206
29147
6599
15373
4045
2762
1352
10460
17577
24208
1572
14339
20296
20161
23721
14693
19846
6422
18882
15382
23743
17866
21450
4053
9537
21827
19870
32727
14848
28917
21494
10951
8332
9092
13557
7178
5441
23592
30206
2631
24509
16726
27594
24359
19352
5789
6327
27737
6479
14798
17763
29146
31616
31583
1914
22899
29789
22033
10956
19331
10075
18897
12451
254
29482
24028
22867
30390
26602
3623
27666
26073
28060
10238
12554
9659
11990
23019
20909
23254
7099
31449
4937
5904
6443
19577
8156
20284
12343
15589
20777
18914
20952
27524
12811
27459
736
29997
10762
664
1072
19343
1836
31899
19244
7120
23053
8008
24172
2164
22578
13029
27316
14977
14491
15424
9255
3552
16023
11320
18359
23815
26333
10366
20704
12245
27351
20893
14230
20925
3649
10808
19068
4903
27379
915
31062
14867
12027
4950
9153
26112
239
5773
16418
27404
32386
9714
28380
26716
2388
8047
19910
7614
22031
18655
8156
17549
29103
4117
7476
28630
12577
3103
32564
14264
16144
9163
7427
13329
15356
32107
11325
2647
9356
7126
31211
4803
29221
19631
12210
22709
10683
19434
31050
31316
19687
16523
7730
11124
24890
30385
25506
24510
466
31444
19138
24586
12074
31307
32537
20240
20790
3345
2376
24896
8112
19656
6648
19438
25773
23806
273
12210
19827
18608
9516
527
15758
22796
3916
14930
22561
18811
24264
17853
13179
31967
14732
1765
27370
6169
3202
25689
724
9679
12362
10884
21251
10092
17969
17621
27457
14184
24929
4637
9765
8393
20565
22584
24108
4074
6800
6895
30987
16507
1679
23069
15684
19657
15356
31505
9720
575
22052
24884
10492
24365
31403
31211
9007
7625
18558
16319
24330
28788
13066
30908
27000
21310
7596
13334
10472
5803
19304
19219
27297
1976
30429
26916
23126
22809
9848
24405
6139
12741
4329
18152
24535
1204
9683
14141
30937
5607
3784
4854
23855
20650
15476
12376
20757
21270
21528
24819
23531
21209
4411
7301
22411
16186
28572
21276
2521
17495
12650
10875
31900
5041
5559
10943
1932
5611
21291
7746
16555
27087
10997
10432
18137
21650
10247
22968
6819
1881
24195
15893
31069
24059
16240
13582
28272
31497
21682
3147
3828
25868
31033
10057
4994
2317
24952
13823
17475
18011
2073
16066
27469
26504
21231
32614
16688
11445
1068
27046
1995
19215
19412
16069
18277
1434
3441
3702
25081
17198
11785
7418
28880
17855
32333
29832
8277
26337
5395
9713
32294
32138
11782
31876
28007
20762
24732
10543
13659
15770
17225
10472
24117
27969
20211
27211
20523
19261
5797
30341
26829
5040
10119
8560
31381
9464
9486
1279
27327
30259
30064
19421
24922
22274
4699
3921
16288
23694
20966
19557
20611
8137
15304
13383
26504
12535
16071
23535
25048
25708
23156
3842
15765
23703
4374
18935
15210
30015
13796
8056
15974
29709
27511
3339
24074
8779
26238
753
24224
13291
18612
9038
975
8139
10255
31883
29037
19767
5690
17145
3732
15024
15430
19895
7928
491
24221
23253
1655
23837
23863
24249
27378
4470
1040
25282
10332
25323
16345
14124
19216
30009
2797
31796
1128
15911
9864
18044
19851
27915
29747
25264
11398
27535
899
31850
20383
23477
10243
11347
29413
14105
11119
12684
17420
29559
28707
23116
14456
20588
6098
24522
2456
12929
635
14685
19317
12133
14745
10977
20875
12154
7067
4702
21975
18579
23443
14564
5681
13821
10546
10937
23516
4540
5364
23223
8540
13078
1176
5359
19079
22102
19411
1170
8927
29130
15685
20754
5663
23566
18348
5764
22292
10124
29528
15689
26798
22340
21471
29933
15703
20681
16913
22095
24707
12172
29230
28930
24201
23901
14935
18420
24241
5167
7491
333
9102
11548
27955
19866
25998
24745
6952
18987
15311
23626
1619
25273
1844
20777
24525
30285
5049
24611
30344
17244
25603
1811
32646
24375
23356
29524
11848
15523
14621
23937
12682
1475
7244
21119
26669
19775
32489
3518
25205
23199
24931
18619
884
5624
6033
9162
22214
22219
27646
3090
28287
6698
3460
17113
23906
25628
31516
27138
8532
20547
25076
14803
4624
5564
8642
17404
10267
583
27481
26581
12283
12456
11641
23528
15780
32333
17388
28847
29747
1072
7374
28831
30174
5887
18477
16741
4139
4731
9682
10863
30817
29726
9565
25774
11324
2304
19608
22426
19173
13051
30725
10103
31265
2317
2489
30935
11209
22271
31341
3425
22394
16452
211
7632
31885
2596
17190
5439
74
20762
18181
4515
15448
11642
4993
19865
20856
2902
14709
22370
4724
14755
13846
14635
6993
29848
25546
30354
26828
28503
27966
871
1029
8399
30386
6063
5749
22497
29080
1263
31269
23233
20062
28839
6690
5536
136
6172
14124
7304
2305
346
25774
1159
31411
15738
20979
22543
11605
8225
13206
10909
4740
4169
24890
3993
24854
22084
31612
30845
2731
2813
11814
15930
12164
3202
25253
23000
1177
7103
30398
4188
24549
1932
19324
5614
24325
2283
16493
27707
23553
13450
28430
25
9322
9616
14979
19049
9893
17814
1931
30786
2438
22002
12468
24140
25121
7740
2763
15209
31708
25611
3479
3739
26313
4096
29895
1058
16435
9222
27944
15844
26999
26327
8731
31506
8469
26819
16199
25353
12807
17837
14987
30582
11602
18518
31286
29118
25050
21214
11131
3997
1658
12423
23839
4877
19028
13501
12917
31081
16230
19283
17036
11730
21343
24080
30631
15058
19120
13162
749
16191
29157
10897
14434
10850
31030
30895
26390
857
11865
19310
413
16314
2203
29884
10942
28025
15151
971
31343
13324
16838
28507
3842
28876
7008
13627
16025
29343
10081
4877
31967
6356
22759
15435
18682
22862
13403
12679
14267
29157
19270
7415
28184
18697
10854
22576
8157
16808
28162
32562
26270
1618
28794
13477
1264
3996
18210
31586
27097
27074
336
18741
2180
32144
23988
14049
22585
24706
27112
29029
4237
28714
16456
20606
30166
15570
22532
13933
18914
1891
7028
7418
13545
22149
14507
29625
15039
26376
24654
13196
4174
31619
26279
19305
25924
20282
31477
19038
30217
12357
26886
27346
31220
1263
6408
25357
16830
16477
16797
7931
6711
2672
45
18220
18231
7915
19328
14624
10968
10201
29836
21698
27874
5929
10635
17202
13959
17308
12113
6855
22097
19681
17629
1109
24664
2814
25902
17835
7864
3313
23384
21856
26178
27287
23766
23504
9074
28110
7714
17761
13217
22230
5507
18955
24188
16382
24614
3607
949
25724
32113
16422
20729
20124
21652
22646
5153
12573
14433
23905
32172
28631
23901
20774
26477
7074
30231
11500
29569
25972
27064
3332
6020
19657
22748
29295
26628
3400
25760
15776
14390
4003
27644
18050
25064
25023
13140
13757
18871
31253
10825
822
29570
19032
17365
15828
15135
25943
5271
138
1356
15398
11115
14482
31976
13944
22590
8438
12387
10832
21793
5973
9075
30425
1435
11748
10504
18065
16452
7859
6531
15533
22159
1074
14626
4538
20200
31475
25279
25472
1279
4273
19131
15403
9315
9362
28213
5293
12626
7337
639
22110
5072
5311
30930
8165
22774
27219
27200
20828
7821
18911
32747
9135
23771
8541
11125
20293
701
7178
17335
1507
6134
2922
22966
17357
22983
24972
22994
15406
1472
8335
19777
25785
18133
25445
20412
25745
30900
25559
3448
27238
13654
8649
23896
11745
24788
4032
19297
8259
10109
26785
10094
4169
8741
4796
27685
17746
5311
13320
4649
21955
31535
23472
9105
15531
22617
25807
9114
29347
31614
30328
7832
3577
12232
17658
30259
11789
2595
30818
15823
13818
18767
23617
15180
6777
31795
15535
24560
18179
25205
5263
19873
24118
15175
28949
15448
22906
30340
11910
21458
19428
31739
29247
19849
19547
32011
1529
29410
19193
1136
30795
19368
21939
14428
9840
4281
4157
713
4939
14079
25384
5134
12200
9890
9806
29617
30661
29308
19055
4989
2577
9166
17948
6356
6963
28209
18900
20550
27470
24527
32622
32610
8324
25042
22710
2251
10937
7453
12635
5775
5273
5946
18441
16053
26076
7060
21202
22037
31432
17639
13010
25965
29944
15092
2835
29872
10589
30841
16046
8353
12162
11616
6707
11937
30228
4407
11339
4805
161
14816
4508
7212
12960
19082
14317
15248
19378
3808
23691
6170
31015
22143
18923
26235
8388
9390
6288
13880
18627
2121
30511
10565
16668
12287
15890
18902
29187
3774
20922
29298
29618
9322
6344
31817
21352
16085
2334
10183
10674
18156
4161
29545
26089
28206
23297
21712
29436
20579
16477
2068
6511
23946
21409
26970
17060
8211
25041
3241
346
13134
24138
2041
883
32292
679
9101
20730
1541
9698
25731
31844
28193
3771
9642
10262
30427
17758
12947
1320
4474
10304
6379
12137
23586
18506
9223
2723
6660
20537
14017
1312
31697
31557
30595
25452
19572
24320
673
31069
22016
3202
5868
29777
4839
19651
28804
6839
32622
31816
17901
9425
8029
18946
7013
4791
3067
23923
24693
9120
7737
10258
3015
21085
2350
26097
10551
31526
30915
4509
3628
3737
2224
20293
10281
30208
10151
4895
6559
3283
15054
1800
6406
21374
5491
29547
17963
16227
6396
12131
27084
19491
4380
23588
21346
12825
8269
28567
18750
26152
20602
21060
16087
18103
7163
5237
17763
6649
711
32408
27300
16754
32741
230
31237
18103
29476
17986
21477
9589
21260
28260
20275
30388
15124
13110
22843
24925
10774
32126
18367
29690
1279
11454
4426
19390
12747
5720
24513
11461
24241
32758
12603
28572
18842
6441
31506
26628
7128
14417
827
10483
11797
24252
25554
18908
18569
18450
27897
4400
13169
2288
22755
10277
11196
211
1580
15286
4103
9016
11372
12011
22987
23553
16139
16986
14037
4891
29271
21742
22263
4958
5843
8679
16894
22708
16082
8226
18915
2430
25157
26267
27974
7987
29906
14896
15895
586
8742
10408
8343
7515
9355
21747
30335
11137
27069
22707
2686
17922
31225
24316
20457
30002
21848
23640
19119
18580
15195
2063
13195
14915
4295
31397
11389
24976
22451
5539
6522
14573
28127
6299
29027
31498
1351
1894
6964
23357
2808
17840
11134
7463
28707
2999
5655
20373
2416
6223
10255
11940
30868
17450
24039
28969
21542
23126
27134
1359
430
23047
32588
130
30208
1431
13394
18060
20424
25291
4689
11262
101
4184
9403
6098
30459
5285
7399
26702
451
2515
24072
7980
22950
19195
1376
6391
3083
1718
17073
21432
14061
23267
5365
2258
19248
23972
16206
7723
18741
14250
2624
12940
11180
13235
9502
18763
29865
26448
15298
22823
4346
22764
5249
17011
1465
18186
19039
28791
7197
29902
30590
10771
32661
8127
25565
21925
536
715
3135
13357
31414
2700
5480
22447
29300
7881
32655
22745
4950
9536
11793
4070
3517
8610
5987
21698
26611
5856
12618
2671
27653
3493
27982
31143
10193
25635
22892
16067
13151
19219
14603
20187
12661
5111
10801
22575
15973
13475
10999
453
16682
9211
4922
20052
21171
29694
22164
9825
12159
19716
8842
19880
26474
11843
11527
18365
16327
6040
18186
28659
31662
133
1947
18557
32407
16502
8963
17619
32040
19528
16956
4952
12364
27915
28327
10809
16005
21511
26109
7064
20355
12286
27272
29930
32245
10161
25491
11677
7071
23973
25119
26878
31661
24871
24023
3931
14151
12430
15942
612
8293
12480
1096
28887
22245
15864
10174
3421
13275
14790
32134
11439
32552
14935
14763
3836
9038
16118
25048
22671
21378
3539
17427
32173
22531
7939
17831
9660
29867
14537
7778
18859
7619
8468
21505
4493
28444
2120
2537
13703
6491
4417
31000
26093
14741
6806
9306
32424
20252
11546
7360
2523
17304
13225
27214
21958
14681
24609
27892
8682
5099
25006
18880
10093
28395
20555
14417
193
30490
29061
17551
13441
22960
14978
22681
26523
15859
13123
8959
31412
32007
7974
11570
5832
3080
3759
13880
27921
19542
16007
9636
11819
13872
26565
10950
31861
4485
25965
23583
23994
12550
21302
27415
28689
25472
2449
16371
26113
3945
6886
4609
3561
11449
13857
20501
26783
4347
4717
27961
4952
16803
18495
26017
2248
16546
15255
4061
32138
1848
31619
3666
23489
8969
15076
29931
8704
10612
18036
30476
10599
29984
7176
12744
5903
25047
1811
26195
31913
31384
26220
14522
27745
19943
32593
18129
1033
23656
427
11117
13171
21932
8595
16852
16926
5963
27158
15730
22549
8755
11573
27086
3605
31295
13616
9916
18670
9228
6917
29907
25643
13576
26163
9761
28661
10699
22979
1822
1589
30379
4745
5087
31481
1674
23208
3468
27673
7155
22100
1044
29722
18534
28124
10271
1106
28143
6375
31045
10829
32509
28413
9341
17520
28786
8522
9944
27100
4599
16799
2159
2454
16530
31418
17305
1252
10106
7623
11362
18682
810
10535
27705
11221
6836
11375
26089
4200
25432
11700
5579
5622
597
29702
16953
22207
8447
23354
4165
31198
18194
5357
20651
7282
12102
31429
6405
22012
18979
22010
32062
23560
25367
16405
32073
2320
7110
248
31507
19101
12705
3615
19638
15023
16826
3877
16111
26719
32470
2954
7122
5059
3524
9651
2492
24850
31726
1842
22154
18184
1070
25160
776
15500
5603
11432
8876
27025
21059
30590
25477
24378
29683
2224
21102
6977
21717
6500
12167
23193
1569
24002
26342
32594
11959
14843
393
3518
9139
18570
8847
1234
28482
5562
25768
5582
14773
13416
11211
32545
18644
4106
16167
3718
2421
8176
16219
3700
22349
24522
19689
8885
30469
12651
29416
22612
30352
3020
10746
27837
26557
6996
1918
4128
10504
14166
27911
10006
12470
20700
19468
20359
3617
16035
20961
11467
5456
2662
4069
16143
26826
9055
29694
18939
21932
6668
9538
3730
13818
18735
6391
23641
19763
4120
29630
15803
21288
550
2827
17324
8461
12172
6872
13453
13521
27473
923
8783
32427
12955
9333
11228
11510
6444
9644
28082
27198
24365
18267
26065
16795
5162
2152
20184
7485
27487
14775
13931
4937
9522
20893
21207
29924
12800
5016
23545
21388
29212
24637
27484
28847
14101
16753
10145
19318
27192
1756
16164
16610
31830
1691
30172
29211
712
22069
19075
25861
9647
4049
30455
4883
17280
30630
20449
23136
28097
5554
18324
1276
8973
6063
6200
23171
27230
3907
22823
28661
13196
24695
919
10689
8464
29802
10874
9251
7950
1095
27042
30128
27539
4212
20521
48
29723
22540
18960
17323
11350
25744
19750
26567
16939
32217
19755
28497
21246
6737
15158
18969
1582
8035
5204
14595
12514
1584
17266
14427
26374
14468
23165
25705
7568
14856
26311
3141
16904
29113
25773
26349
27463
10136
5751
7829
1919
2723
17023
9790
11131
21253
7318
3466
26408
21642
24227
18127
17237
5461
21645
4970
19639
15573
24411
2646
20528
28405
13210
27901
11344
26515
22271
15949
23581
27188
8526
20495
7951
23030
17530
14964
25183
3526
8206
29169
20354
13522
25547
28493
9200
24385
17811
7673
13865
32546
20102
1183
19450
30115
874
23549
9724
132
27728
2036
25695
7115
16244
9948
10469
11192
13158
11035
6705
763
15463
13046
11330
6437
14614
4775
21051
1373
21068
17583
32101
4436
4676
13421
3446
30843
30463
5872
5652
10099
998
17930
7573
4036
5810
20901
14601
25555
905
15194
10618
20238
15465
4160
24178
32362
1994
21762
446
3343
2687
30773
28786
10577
10462
16104
17709
1507
800
24444
22430
27463
4363
16054
21831
32137
8398
786
22401
2605
15660
29274
6849
29286
16092
19832
15129
1417
3376
7817
6658
24512
20982
11570
20824
8451
9372
3383
22438
4164
28823
31561
14756
32490
6916
31776
3326
129
11152
29130
87
19120
31894
6979
11406
20843
13960
12869
2880
29545
6800
7009
13966
19161
24695
23631
22048
30289
11205
19587
23913
28167
23594
13312
32557
14659
15644
19569
31297
6164
22722
22646
9107
30019
29201
17724
20842
13445
27189
2640
3054
12532
5426
15285
9962
32704
16843
564
10449
19234
30883
28147
8959
22930
13986
22345
24386
5434
9882
16849
1689
10154
7722
30141
9531
32205
25059
17261
12251
18460
29866
9537
28203
19217
30301
13227
28319
5087
21946
8072
26483
25952
22908
9904
10479
29007
17606
14027
1258
12727
6853
12903
20365
30379
17810
3144
23897
31800
9301
11519
8811
7320
17584
22207
22271
29352
19291
31595
17716
157
20491
14579
9231
12018
12441
28641
9153
14244
8032
10287
3885
20898
28903
14428
9893
12415
27840
25279
6132
11371
9647
23834
14242
9825
7439
30322
24435
31906
13682
20254
5681
9057
14472
22303
25771
13760
29762
1711
31742
4859
13110
1308
4371
23523
5190
12759
4457
25743
1404
17352
5397
28238
26169
29413
12807
15839
5263
24579
5262
25061
27115
12012
287
15765
27383
1713
9042
11186
11966
27714
20013
19899
16658
11067
4517
23395
1066
16641
18786
1601
21904
32270
2243
17865
31291
20873
2082
8059
5623
29466
30553
16218
12814
24316
22916
29856
5921
22612
19977
26288
32343
26049
27350
5708
23994
31796
3050
32520
21469
19458
15383
27902
30402
25655
6918
23236
2556
8238
25723
27547
24593
4958
31962
21993
27426
26487
9963
20970
16590
24750
18138
24738
5459
31828
22146
32534
29174
23982
28394
6587
10918
32001
2832
21551
22236
19692
26598
31015
20933
18938
9627
9897
1443
10360
3611
2683
1649
5252
9433
17115
16325
14439
25548
14192
14843
32037
18871
32385
14992
14674
7598
8805
17356
16934
3030
23354
14244
4820
32620
4314
8670
32280
24073
14603
28022
7695
2084
26102
2369
30284
17112
6363
16336
31784
28391
11522
18071
31065
12544
28405
18510
31943
28477
13292
28312
19867
18416
1417
12003
5272
26015
13765
24207
12206
21581
28459
21074
25548
15355
5444
3291
24823
9327
2386
16565
19609
9780
10048
10607
17947
11490
3802
32762
6581
11936
3386
3666
5509
31974
14978
9824
13535
4744
8145
32
5605
752
31087
17151
27991
28330
26955
16007
27820
8487
11688
5693
20065
15290
12307
25802
31889
4583
152
6746
1478
6877
4405
6722
21519
7233
17807
23525
23122
29229
10980
4824
11236
6265
27713
8772
12887
22841
22261
24460
30099
17542
837
26672
10792
21890
30049
3826
31203
26774
19095
9271
15008
26366
18119
7599
1886
19336
22039
24888
28569
25752
22247
14080
12500
30576
16392
9962
11893
10414
30504
17716
7125
19990
27537
12886
3224
3474
18708
21037
24378
28023
22335
32344
13803
14858
22743
14307
29085
25667
32642
7202
25435
15825
18371
8416
10204
13917
20779
23482
24920
32275
1742
22725
17306
12639
11253
17527
9815
29172
8466
27844
4542
4371
29945
23943
31056
12042
5708
7204
6386
29691
14647
18027
10304
17886
17758
6336
22565
8137
24596
8057
20136
28271
26318
6024
5385
5608
28119
16986
11277
1200
5957
12543
14998
30705
22059
19082
2678
21765
29200
4539
18309
15414
24224
28123
13554
14537
15266
31464
19670
12860
4394
9458
32271
715
7184
4805
31819
22329
16032
9160
22115
15308
27027
1317
18155
31386
4415
8746
29447
12035
778
29680
2943
12927
12068
29754
1046
18074
14966
14239
21784
8252
27861
29420
31539
14382
20348
28612
10631
1242
4025
13449
25088
338
31206
25472
26596
9620
8347
5423
16552
13325
1058
12810
14088
91
20011
3919
5207
4951
30145
21295
1043
20563
24445
25646
21948
32672
19962
26572
4326
25172
13960
5221
3982
13129
20005
23126
4778
14697
25257
10337
1283
20265
21568
20307
24647
852
17181
18659
26714
14090
17773
26078
12526
23816
14730
10113
8531
15914
2162
18470
27280
26413
27767
14116
9138
9146
4152
3056
100
10912
6607
13448
21952
24418
30284
25361
24933
19697
31075
32446
1738
15802
9569
7157
30418
5347
12132
16301
30112
19666
5068
29211
12972
16112
20205
25741
26390
6316
3590
11926
11835
8642
27767
26219
19591
14269
4398
6285
22666
8890
16483
25256
31309
10096
13701
13755
13542
31341
22900
890
28234
30882
10480
23281
10595
18722
24402
14441
9826
19495
14713
3215
23895
31574
25864
16083
1790
8004
28623
12047
10204
32312
19334
31337
20875
26675
14785
1914
3667
17453
13344
7600
11002
674
9414
3056
21212
6477
781
8832
12862
27700
10360
1061
4831
18404
29162
4744
9936
20734
277
31198
30086
3314
12852
8136
7982
26635
6653
31096
27200
23724
8145
3350
20311
8153
2103
8802
30528
30456
904
26266
24400
6873
5356
1950
6139
19445
25988
2642
20899
31731
22505
24644
11182
12401
28630
143
31195
768
25121
2047
29654
25200
24816
9333
778
31055
30761
20365
8886
23980
3626
7295
1603
28192
23739
7491
31189
16
30272
8953
12576
17196
11060
23943
30845
32315
25554
7812
31804
2331
16917
17237
6716
10243
8163
2709
29114
11276
15749
22715
9575
31984
13403
12278
957
28689
462
24412
2450
4285
16005
11588
29422
15792
21980
240
19994
16346
20882
20336
17657
15971
3521
20418
4251
13293
26900
14910
19216
18713
17716
5938
4986
14412
27523
24777
14438
7859
10765
31793
23645
24196
15548
19964
18613
30343
22219
28103
25261
29398
24700
15642
30394
23265
15630
26000
19995
16564
11497
568
17075
21885
8221
30778
17688
10056
3338
17086
2280
27662
8032
13833
19292
32238
21323
32233
26655
27834
20711
23380
12384
18613
7162
25932
14374
2715
27618
20741
3555
15586
16332
1354
4173
19008
807
32029
22121
5485
22105
15774
24040
15914
20400
25390
29623
14210
18587
2515
2770
4944
2842
5342
30041
9985
29555
6604
13285
28059
23079
29291
20252
19198
23076
14910
28547
5227
18236
15137
10132
578
26838
3376
9233
28432
19683
28134
13975
1992
18196
4738
28278
20817
28746
31151
13248
10049
14927
99
6304
6121
27587
15880
21741
16785
6233
27610
8191
5380
26947
23440
23746
8528
18922
16702
19464
19655
19683
21626
14628
8009
23838
3262
21684
454
3937
32013
12734
5886
10229
4825
6399
4491
10400
15397
9855
11042
31443
14567
25961
8470
2595
7088
24090
23069
25341
15758
19064
6487
10646
10546
25733
25228
32034
16718
820
29622
6982
9793
31099
30655
22479
7926
27561
22155
15524
2313
3834
17977
26105
5164
1896
422
28358
19658
22469
18483
376
14826
6151
2761
24806
4693
26083
27162
32134
19707
17309
27177
27361
4243
22814
32524
18756
18050
19271
22256
30649
21758
7557
1375
8757
17523
20901
29630
19
21541
14826
15130
22209
16920
12637
19236
5306
18989
11877
633
6324
8333
25495
7207
31002
27466
25295
5741
24508
32580
30336
30403
19910
25674
9544
3866
23534
25730
5064
10341
19186
11019
14514
13912
30786
13792
5923
30832
2809
7936
29492
11315
27922
204
13516
13497
25817
31152
27832
23403
25247
4869
12285
3595
22194
3894
15724
15861
9101
25378
8568
17572
75
24258
19525
29047
24418
18700
19969
9397
11661
29463
11639
7120
32010
1663
3297
21222
28934
4875
4350
8077
32086
8077
15973
26832
20071
16906
16665
8309
28024
795
21085
24962
29958
4243
12490
22527
27016
866
24222
22012
2653
15546
6743
14806
12035
7792
17793
2487
1161
8868
11724
26716
16199
5796
27745
18203
5324
32014
20342
31012
4632
23349
544
3079
8716
30150
26217
2422
22558
16556
21923
1612
21329
1584
15100
8911
19813
2405
15442
24626
10826
10179
25928
28511
7131
15890
2201
23795
11721
21642
19372
16009
19925
22072
4201
17723
9283
22435
12620
22886
20619
12464
17335
9134
24145
28099
21645
10050
1687
23591
21244
20833
4402
13744
7578
8734
27258
12190
26036
21088
16710
28869
23778
6956
16664
13035
24799
551
15508
4978
6552
20310
23607
22327
15747
4137
9541
9657
28722
19384
27907
32638
28456
19532
3111
29618
235
8737
26253
22802
23131
17258
6955
3592
28225
28054
28743
1047
23339
11218
20455
6778
27512
9935
26762
3080
23471
8645
17941
29787
23317
18616
30480
12337
31358
13306
4626
7442
32099
17649
12154
31796
16693
16410
11104
31899
12017
18510
17356
12420
27381
8004
26405
29188
14098
20312
18156
31469
15074
8842
682
13297
9819
2762
32550
32522
25253
24435
15836
281
17705
5141
18603
11981
30955
19575
1486
8390
4633
29148
2061
29434
32740
11654
12084
13144
20622
27769
11461
9132
31684
20609
16618
21187
10031
12918
17325
20687
6470
6591
20075
780
20070
19733
6534
23204
25636
24713
25179
29393
20194
25801
28020
23105
3488
7071
30974
3006
20501
21946
13181
23054
17150
23985
2750
21272
30391
5189
26381
24137
5128
8679
9897
6710
21313
24954
28021
15747
27017
26713
7408
32515
24691
20380
2151
18720
3026
8855
14698
15486
4559
5796
22652
17883
14648
28707
3598
19258
29211
14526
28591
13376
19604
10994
19837
20958
20963
30410
29663
26928
29633
17390
13686
26021
1525
5341
20816
30305
30242
28535
2399
6879
13795
28350
32042
25307
2841
8669
7363
25967
14980
23658
18425
13180
16529
23528
28110
18763
3187
26256
16428
17268
29045
18257
20435
23295
17039
19221
9366
27850
19511
9030
9671
4138
8313
20880
26352
213
26954
233
11459
24576
13594
28623
15956
4292
29096
20433
22150
13254
2330
15953
18883
1559
21837
14984
13297
10073
23914
15563
17057
2852
4538
21260
28553
6568
31163
26275
16180
17299
2163
3919
22520
3381
2820
6007
1321
21729
25985
5558
31372
22679
4608
16279
27662
16097
5616
22941
19894
9979
25005
26759
20441
1078
20050
2001
27533
18590
11727
2430
4959
8923
8507
17173
23625
21333
10603
11242
13022
23708
9667
12446
28872
4870
13644
24553
26228
20378
11783
21655
11532
18988
7809
209
21670
24266
3496
16030
17083
16983
27869
18858
21722
27254
28746
1605
7069
11434
16758
14766
16861
22715
16406
6034
29730
21083
17703
18640
23645
28169
7225
20351
1498
5430
9998
27698
15728
30118
24419
26746
16891
16410
11022
27309
22796
14892
13897
14054
7134
10106
18510
333
4236
19974
17956
13721
25474
6621
22456
22483
21809
9207
25391
25180
12296
8287
21115
17713
23199
30611
22316
27246
23093
3886
8329
25617
22876
1476
14304
9985
1779
26126
30490
30543
24917
5447
19858
27067
16848
213
18216
7802
15449
20268
2449
6454
10109
6128
15345
23127
24731
26457
3243
7553
8273
4316
18807
24925
29492
5384
15798
7325
10948
7854
19203
17466
23199
23364
28683
1792
13812
12939
12702
25165
24891
8560
6662
29718
3107
15408
17047
11818
26572
7104
7047
20155
19767
14956
26112
