23688
5644
951
12098
17776
5416
6442
30164
7991
14491
28856
11442
14403
20932
8342
12877
21009
17851
15563
16546
7290
11143
19601
7439
30261
6802
12030
31333
5790
15706
13027
16702
1205
31848
26101
12945
32618
21894
24362
6275
15128
13101
2150
31104
6223
22589
11095
395
14294
13296
17821
5586
4080
12817
26671
18054
26335
23401
9722
4841
22183
23163
21963
13225
15892
14449
11118
24428
17150
26197
27672
15788
18892
26244
16898
31685
1591
10848
29527
14412
2385
30790
80
14499
28869
28096
27805
7370
7008
29179
14344
1400
1744
11387
19029
24683
15020
21517
22124
20220
25781
27133
30906
23286
2652
13706
5332
28072
29572
5015
13917
15673
12936
28323
31019
9276
28032
29435
15525
6020
19648
21294
9839
11834
12962
12482
14410
28716
8326
32037
32053
24168
27926
26342
4568
27146
12239
10021
3107
19794
1469
17225
1587
31482
4997
5873
20597
6086
26793
14892
3853
12892
10248
6124
18041
11606
6564
18616
7025
3990
2472
1442
18962
11993
6314
18297
6204
26767
24877
26175
18233
23787
5738
19677
18591
24630
80
5398
14967
5736
30921
8122
28318
27897
20031
32028
364
26357
12127
14789
17300
28495
1052
25450
31563
9591
22519
23068
16557
22574
14718
16831
31068
8858
13075
10173
14186
24469
16623
12540
32633
26443
26727
25613
14880
19204
21613
25510
21649
830
7001
11602
21625
17407
4586
12391
25384
27497
20359
20792
5106
16015
18379
11405
27093
26759
7489
12112
24668
28609
4460
22153
31682
5526
13835
11149
9307
21540
17306
20593
20784
28250
14620
12485
17897
17999
10520
10879
26609
28120
22498
17206
28372
9561
3867
15761
29676
15579
19067
8958
9532
2911
8654
5543
8092
28786
5181
32418
13335
5122
6351
27751
7313
22640
6192
13704
25516
13030
13232
13212
1005
24043
32142
10876
539
6709
1655
12211
1768
29118
25674
9775
15316
12570
5662
8765
28493
2823
27014
18868
17435
6726
17684
1135
28667
13737
31771
4353
19850
19054
4025
20901
17765
12491
277
25972
21135
11978
6374
25051
9747
7511
18485
16459
11754
25495
1635
21554
798
15484
20589
23851
816
31383
11631
2417
6328
15917
23655
31898
30539
20876
3900
11906
20129
8095
22271
13957
14583
30913
9584
22257
26803
6607
1988
23738
22855
10625
32421
10096
1879
8186
6011
28015
29726
19613
10986
4182
30734
28195
25755
5562
10422
4330
30784
6171
21993
10128
10194
17430
25117
4545
32541
13789
31249
1357
26751
19173
28595
3454
32493
15326
15424
5288
16694
4840
28077
11265
2700
20996
838
1459
29760
24008
32149
21808
1229
88
9605
2502
20504
6289
20167
6003
27894
18823
6517
16890
25583
15922
30453
7734
31554
21860
30241
15791
1064
18942
6820
14443
3421
11108
17319
2311
7901
14894
26030
28422
25323
32033
7100
19304
24664
8797
21438
11134
10754
215
6694
30206
10139
19978
18647
28243
23468
23530
7489
566
19161
29466
31181
5506
26726
7518
22139
16452
11258
29779
9417
13074
13475
18526
10968
13727
7451
13282
6602
29580
25930
28342
25454
2944
5387
30166
4895
5242
31795
23384
11753
3430
13264
21154
24046
27375
17582
19675
27912
14229
5920
14751
21168
31231
4092
16375
22815
21906
32488
904
7602
6466
16852
18954
28819
12456
16840
5372
22422
11093
11488
918
14433
20071
4501
4352
28112
25690
16189
705
19608
16160
4053
7034
23338
8307
32511
26068
16602
31850
12871
11191
12352
19018
22186
28093
20702
22431
30553
28390
27652
20876
12730
10381
24817
30816
27312
15002
9275
12649
26908
11258
20081
27405
31140
3916
32254
1814
32691
24541
4176
16206
6080
10967
30266
14412
11988
22709
10135
13965
13126
11002
31281
10695
17097
16931
24545
633
31146
16346
20471
1479
18258
22892
24539
4997
27666
28285
20213
4754
1056
30715
2507
30567
17372
25424
26729
6383
18776
11740
11270
18330
10008
21666
32740
23213
3094
27713
376
10204
11529
29991
5067
6426
21223
16385
544
21680
12969
30325
13783
11148
29262
7188
913
16860
32546
7050
21397
9692
6464
13336
10611
18668
14422
23365
20199
3814
11688
26320
9727
26542
10072
4840
26240
9995
30948
14495
19079
3765
19696
18589
28268
16047
9286
24081
26603
32726
17947
32238
22662
7355
1428
22099
32549
15534
136
4682
3328
29979
15240
5558
16830
1306
16156
13703
4830
28481
6736
16432
25175
26044
28271
27227
2171
15520
26639
29659
13601
22141
18765
6370
27651
16179
26970
9076
8293
26886
19767
12571
13304
16372
15804
221
23805
1861
32479
23915
14253
13669
3123
30619
1753
16879
32431
17688
26574
6666
32689
14168
32123
12024
27970
24271
22230
21228
5020
20067
5243
22556
8170
21279
4502
9752
12366
21547
5124
14682
9512
28412
18357
16670
6038
9160
2389
20340
6455
9789
17451
20371
8501
9842
26433
13936
19074
9758
13765
8591
18273
11784
30383
22553
11817
30654
18340
25136
837
24458
5914
10879
9344
12962
2494
24085
31104
11679
20242
32371
3471
16176
10587
23011
30370
25360
11450
24076
11667
10549
31129
30916
15282
15691
30280
31525
24956
608
19432
13027
6826
5857
10889
11740
9070
21701
6287
23537
25337
8712
20826
789
24384
9563
30502
14755
7680
13082
7215
23285
5887
1662
26393
10802
7062
6932
22160
5991
22380
14957
26668
23258
20100
4631
9879
23195
31866
26061
25329
3675
30985
12779
7539
21889
17873
21029
24915
29563
10583
119
6120
9810
15182
16479
5903
2946
1557
2635
28365
18184
24960
19277
14902
8380
27355
3350
30605
3041
15916
23074
11180
19707
21689
12848
21670
12768
11466
8949
28588
4114
7856
22801
5677
32076
774
15682
30273
30299
3639
29144
10824
26671
1345
17513
13262
20274
12216
26565
7603
24793
11021
2604
2440
29560
784
7103
11323
6234
13236
22837
32247
7185
30738
28367
8518
24843
2737
18318
17785
18534
15109
23715
2121
7429
31797
6439
6846
13540
20770
9740
11600
15528
14756
12884
26445
24955
1302
2944
28026
19734
11798
6732
15357
10271
9094
6041
22394
5814
8918
3499
6525
25419
1926
31124
7192
19378
13286
8432
2253
9337
30497
28627
20141
18041
5241
29440
962
31403
20436
16988
30123
22589
9080
28578
11654
18661
787
19799
27411
10102
20478
8705
23317
11441
25282
7060
3324
7773
19932
5933
27586
29850
15805
4354
15891
26994
6677
20633
29104
9905
19537
9529
13845
1526
20322
18079
10842
5899
27841
11761
8791
24690
19120
31480
18187
3648
12226
14729
5695
815
8093
6980
1382
32750
13567
31106
19400
21691
23807
13192
6111
20788
22422
15617
13313
26218
8541
28843
24128
12088
10904
31568
22415
21203
32628
29432
28198
30113
17805
28253
1831
11343
12979
12447
27521
9502
24814
15673
23572
31613
9151
26676
12567
27101
17065
13978
2231
19905
15600
9006
18689
12820
31393
7002
30978
21440
3794
18537
13613
21628
28459
30966
17149
4069
17574
16036
2011
18129
14738
5136
26433
5344
26846
7940
19488
25684
21140
25326
24959
21538
31140
30608
15973
17480
3811
6136
2298
31842
19795
7603
21737
8312
27557
15422
16648
26651
18172
4285
6203
19376
10996
23023
31126
7179
23267
27746
19393
14400
16479
14051
32673
21941
25344
27449
26164
3708
3430
7955
7613
10720
17278
31038
23074
21310
28162
16155
3218
13079
24383
22097
11882
7778
5403
3775
13146
20519
23638
18613
26308
24905
14608
19299
14436
29348
14476
24465
15414
15703
4147
657
24980
32099
11740
17778
9631
27254
7498
11383
17633
13057
26358
8903
12337
11664
19471
22118
18646
13403
960
4196
10223
24344
23985
23893
29970
3860
28112
6657
4147
386
9553
14428
4807
23571
31987
20664
27690
26567
5254
21305
7486
28162
27562
28041
22358
27618
6105
30926
594
4048
7080
985
28171
13653
17225
19872
13041
21295
10837
17391
1522
4005
20168
23130
926
28439
21838
19830
13961
20697
25277
9801
23793
11842
12002
4606
12705
20479
13440
25053
15381
28077
8854
18299
27615
27560
29409
8494
842
11037
18850
27332
5436
8295
673
9845
6753
9112
3954
21013
24965
12117
2807
15503
24386
488
9766
20366
8412
21648
21004
8573
26217
7451
19218
25522
10293
3511
27008
230
2916
18182
23359
32745
2521
28784
10979
32403
20823
10941
14313
22782
7654
4323
1084
20722
4985
15132
31486
18849
23245
30780
5254
27541
1428
12610
31653
17638
32211
11053
6190
14768
1161
6929
8885
22724
913
16489
9622
26782
14025
31151
3898
16536
28788
1834
14741
16989
31965
28680
2803
1951
26942
15788
5109
6157
12767
329
20182
15231
7042
22448
25587
15476
15359
24422
6027
11967
30252
21754
17603
3709
27903
18837
2541
19274
12791
10195
2569
5045
12983
31441
26508
29937
10741
11144
23649
8909
6034
10329
4910
31717
1034
10984
9688
7706
4879
4142
25929
8001
10609
30410
20081
15896
10817
6040
20618
8062
3894
3205
18593
27619
24655
31138
22098
24829
20154
19575
28115
11196
30453
1433
19252
7809
3635
16511
10980
6027
32513
28049
27512
11185
14633
29314
31912
26967
14551
9440
16282
18331
2298
21225
15460
5583
17645
20129
20684
32556
23895
12065
15441
30404
9296
15410
11632
8121
25797
14362
13344
1453
2333
31670
15775
14713
5404
6345
32112
9762
30472
30356
26533
12809
29707
7335
8282
97
13273
8182
1154
26342
12178
26159
12262
27596
2026
13131
9322
24566
1671
13668
30354
26985
20139
710
9030
4608
274
15944
29394
11873
22302
21981
3377
12591
31025
3942
9099
16002
5210
22474
21244
5012
29493
2121
9367
5821
7692
5645
20139
9121
17986
24578
6980
26536
242
3816
6133
25262
5331
15271
29397
24572
24415
20450
10440
31607
5428
21710
26880
1816
25018
9285
20931
25756
10758
12310
27246
10109
30462
21408
32442
4896
19134
25503
16190
18768
25915
28741
19253
15595
15398
28045
1922
15579
10772
13772
26353
11080
6363
6792
1984
13580
11071
30606
19038
7528
10702
31807
17778
29173
14088
7979
15135
15069
3779
28641
29574
31562
21710
15108
8333
5663
14037
13474
11999
27367
25988
7362
10293
16138
10479
4668
2771
18247
5170
1998
14933
25950
7252
3947
28075
28173
5746
28630
15971
2878
24857
14448
15654
3711
15603
18255
12166
18354
6310
30095
23287
13318
21497
24045
282
6438
15929
29073
28994
24752
21467
20268
21297
18408
32610
4163
3874
14254
24963
203
30477
22701
25735
29941
5414
14294
7922
12619
17318
3853
18786
6396
29135
1569
19385
5748
14890
2
9598
29232
11796
18478
13697
3025
31352
13421
9406
10607
18910
3774
30852
20783
1957
23441
4055
24856
26764
20534
4114
22818
23672
3478
1233
2960
19825
29473
14093
10112
20461
7687
32649
20929
10321
26795
6253
16356
18869
32341
12849
2454
12775
22310
20413
9261
18099
12370
11727
15488
6242
21641
14748
25340
11649
18614
23226
15860
15332
12524
5181
13881
29418
413
16673
20971
15105
20750
28648
12686
3693
23815
8579
25440
20294
6351
28534
234
16064
22360
23864
19158
31152
26038
22744
14080
7755
10709
12006
9424
32560
6508
30097
11206
1961
7469
13069
14422
13613
13375
17208
27383
18986
27629
16508
28023
7682
32672
29687
12945
11859
13578
4313
21441
21884
18597
16142
343
19037
32348
14622
14539
19806
10887
337
13648
9906
18205
29206
20139
23005
26917
11685
14918
12915
10862
12516
25216
3619
23424
3463
18504
2037
4562
3964
8938
26832
26174
20870
12840
319
30641
1320
30349
20596
1575
29124
17406
7310
14807
28420
25234
24599
27306
24185
12708
12497
31730
26754
294
946
8281
112
5431
29229
6679
29671
2040
25779
19305
2439
32156
18042
11070
29388
24255
9853
29235
5427
3321
27076
5057
28319
17842
29413
22453
6394
10040
25291
10209
12575
3086
22198
26130
9464
12424
18307
24130
11491
22164
28206
10510
29787
23515
20885
4714
13780
30217
24958
22675
19942
2408
17116
22341
2478
19892
12622
29487
13426
13611
6633
22948
10371
18915
21303
26771
26472
30048
5759
21177
32056
26214
7751
21525
13128
2316
3608
2716
22022
17682
1921
18223
4645
30324
4190
27338
11515
21567
11867
9214
7207
14756
23475
8353
16502
1355
14654
1988
18440
746
8618
20453
31662
4885
520
17766
31639
1368
7051
21822
12076
22659
4749
28655
27704
21829
28371
6328
6476
14076
28946
29963
20322
22220
25010
28737
16064
3310
15569
18317
23327
15435
24459
4654
4877
15434
6777
6633
5776
5350
19831
6071
28940
16643
28843
10427
31334
27394
11971
3958
25450
22419
29821
5438
24938
29386
6509
8172
15656
13174
1531
20438
18679
18606
31403
14845
540
17836
23713
4743
24954
16351
11108
23407
8047
4923
994
27515
28409
16596
21684
24942
29725
7083
10148
22399
31113
14279
9324
27403
10616
20360
12481
27783
19926
4921
20880
19384
23460
5860
12680
5158
19871
21098
28888
3534
4636
26578
8762
22039
4151
9186
6448
1287
2092
27884
28045
12983
21253
5099
22584
28932
17782
15311
19757
3464
14853
19220
30404
12233
1645
7065
30262
10159
24645
23728
3421
60
29917
23409
5563
10871
14441
9557
26814
21673
12385
14592
7490
16844
15655
14685
15960
13633
9963
22256
24390
18113
29132
25448
12495
12950
15679
17268
31668
31243
12981
13016
9338
26657
18296
3776
7278
20099
21974
6740
25575
3772
20866
29068
459
17320
6967
7750
5204
7976
14238
918
24340
20506
28018
4957
31287
1161
3810
541
1801
23584
29239
27915
3512
24293
23990
9830
26714
19492
27336
7176
24369
21928
9304
3131
23086
6961
25725
31949
19381
31267
13657
10343
14496
1404
14657
22042
390
14856
24093
20283
20797
17112
24594
26481
21661
25072
24415
19212
8071
20800
3461
1944
25382
12246
13739
690
22901
20305
9280
21275
2562
30105
12770
12299
19441
26317
30079
27336
10563
19325
25018
9846
1881
18202
20880
16945
14515
21162
18491
10585
23550
12224
26710
32301
11342
1964
26179
21148
9896
2799
31178
25431
10435
9458
4866
2347
27919
6135
22133
21646
2039
5455
9343
1912
19043
9677
12279
24948
11650
30332
26641
29174
11206
23949
14723
25839
11056
11155
27367
32159
23757
7411
6241
13226
13697
32661
4737
9839
25603
24800
9323
23189
26665
22502
1333
30182
12134
16347
30864
28001
23185
30412
25259
22922
4327
29837
21332
25861
1108
19956
19553
2403
2798
30788
18254
3644
29122
24812
15911
32382
27860
11634
15272
2052
18529
14250
13988
31083
16231
6699
15523
21025
7016
24835
12239
6334
362
12970
7185
27544
4162
1333
26487
32657
13330
13260
25049
308
21265
2142
30652
3073
14218
3475
3190
11268
23336
15619
16275
7597
30576
23973
8568
16347
32655
9866
6982
27706
26454
31179
3585
10703
23427
19392
27890
28113
20290
2674
22345
24251
755
6483
29959
19871
26670
13613
6939
22973
1796
21593
31435
29268
18568
22321
24662
10936
19087
7367
17624
5285
8371
20440
14189
5331
9886
32763
24985
26058
18309
23326
10984
15608
24306
6963
16337
17921
5831
31783
32736
26710
26240
19988
5909
2825
6072
30647
18055
19168
29678
32036
8268
22184
32650
24248
15005
26059
26139
25680
7734
32037
31715
10424
29692
30228
30869
31079
13794
31694
20317
24169
26381
29432
18465
24220
5943
32628
15879
21535
13649
7290
10039
25864
30060
31466
18914
29781
19929
6624
17027
7974
20367
19849
16228
6697
24014
10294
5476
853
2306
31151
4601
31707
4330
22730
11889
7769
20985
27452
2173
9553
8701
24494
17391
21979
24574
19988
14787
662
15209
29242
6236
15076
30318
29855
22801
31319
10150
13703
12008
27750
16121
20044
21153
6245
20927
15605
20471
2484
29221
28169
14370
18486
5586
6310
23968
13572
20427
8397
32053
8035
24980
29696
30769
9716
26521
5135
1009
14379
9420
17455
29352
19458
12686
3148
31072
7151
4563
1696
5947
275
30337
11141
511
15796
11802
3975
15313
19437
2203
18366
13889
1188
12964
26715
9863
12989
19416
20864
28428
26253
15495
15957
16941
7570
3723
19032
25147
4705
19823
24820
8902
18655
12759
19286
3867
10932
7195
20604
23051
18429
8758
7054
31470
4161
13535
23666
7144
6055
8181
22171
15723
15462
27168
21025
13053
16508
22454
8983
23868
11171
5339
15129
17695
2433
19181
31012
31870
22559
9503
11178
26581
15004
2147
30950
21829
17443
654
8558
1243
28442
13494
20743
1557
5276
15583
29116
3746
30762
25303
13618
11882
15261
3167
18486
1230
20319
15499
25752
23345
13019
8812
13628
18615
6450
31468
16494
17228
17968
18936
19574
16873
14206
12005
29292
21522
28185
22540
21326
21156
27650
22968
9040
3533
14904
27715
32627
7260
2787
21883
16729
12347
19410
330
17752
5177
15655
3479
22221
14093
24657
19815
14003
26520
21307
1864
28788
9835
27587
29423
28926
12425
10094
14880
5146
10094
17242
206
7161
31312
4212
14468
18192
29860
22506
17155
30759
5604
25572
10285
9388
5776
111
25377
32076
15987
2233
2728
1221
28711
21636
22736
2293
3547
6613
21974
12855
6996
5868
10825
7408
16690
6265
23661
12645
5493
12301
31966
11728
19775
11983
1653
5810
15323
14448
30063
362
17151
609
22988
27911
6222
4931
26870
7515
1057
5791
21155
11344
32135
6359
23804
17792
18315
16220
3071
16383
29621
20770
22562
2683
28115
9041
14393
7560
29944
15934
665
26677
9670
20121
27006
27363
31209
14056
5802
29783
24804
21811
10831
13581
22032
20737
8495
7375
6113
1412
26114
13959
25708
23569
4632
30290
24358
10963
8511
11733
1007
27583
7399
6868
19279
24522
644
17408
25599
29274
26932
6161
9643
28923
10914
789
8438
27476
4906
28168
28863
20313
23870
23716
12450
5570
31752
7546
15554
4795
31056
16450
7878
16093
27297
18032
19490
3165
16807
16904
6552
7299
31708
22194
2046
26974
30052
20753
20033
14263
25396
18513
17578
25923
14458
32255
5472
26396
31545
28702
22063
3186
19508
20855
28551
22910
9742
23600
29896
3768
6063
12960
20924
12362
32234
16994
29029
8644
92
23976
16890
10769
21911
32466
14892
29610
4736
27200
17325
23817
2293
8804
12019
11617
31155
25115
5178
396
7543
4413
17864
1349
18788
26482
14196
19607
12965
12616
32617
24981
5459
27523
21544
23116
17049
10421
11212
2806
23062
29966
24722
10353
12930
11380
32408
28399
13717
30422
7909
8430
13092
24254
29610
29291
28558
13862
27079
13394
29014
15757
913
21562
21009
16714
20691
1103
5763
8479
10259
8079
20997
30225
1302
7738
6441
19063
12454
11907
1953
6226
5522
17804
23901
476
26359
15505
30452
30820
31678
20068
9541
17752
870
2329
10334
10660
30723
2050
20893
1850
29063
2526
4372
18674
15937
14157
29234
31893
25763
11655
19360
21300
29256
8526
9834
31679
15414
11809
8287
3027
29792
9651
19898
27346
14447
29595
24066
29497
32193
26957
2094
15918
32434
1609
525
19801
3355
4242
1765
1781
28185
4450
12635
14375
8976
2588
11410
4494
17391
30082
151
21019
20149
26920
32253
5155
4148
27432
3268
28850
2580
20504
25216
27939
31260
13625
25526
26349
26285
27377
13450
29120
21647
25468
15511
23505
2545
31198
8735
19570
682
9500
100
12517
31173
27563
23893
27506
11325
11049
8813
30903
14597
2123
7385
32576
16971
6935
18649
32087
13310
11091
27752
2333
21390
4413
17695
22234
31987
3708
19799
31122
12528
13143
23694
4569
22681
9253
9996
24295
25107
21252
24773
26095
6811
462
1922
9133
27081
8265
6204
31807
21014
23198
13256
23861
23197
27661
30394
17899
17950
2526
2179
10775
15176
31387
9692
25246
16952
11644
10856
8364
15165
26147
23956
5891
13022
20617
1731
19859
14110
4409
3240
21323
4606
9660
9202
16944
3396
10580
20783
18860
9083
20973
16874
13096
16955
14672
16663
5341
426
18074
19122
9958
30019
19436
674
28314
31190
11365
4835
13338
9424
7757
13540
30246
14525
23955
27182
20533
17163
25210
10311
1732
18193
28815
31702
11758
6736
4574
26375
7741
22008
21093
32561
11200
430
20425
3511
21341
23436
29000
14380
21097
24937
23535
29626
23670
32603
30477
18372
25452
1915
5351
9162
9692
22248
5037
19597
30608
19471
2733
9332
30823
29225
22471
21295
11616
1540
8481
4250
12276
14343
7964
5860
26537
20337
17030
32752
484
4833
2833
4603
7166
6683
8707
16256
21403
27913
3376
24152
12599
5120
3621
23078
8450
32069
423
26098
28142
23504
21340
28948
29446
25423
22983
25428
30465
1390
11898
25679
26135
5206
22150
12829
24083
28275
20279
19248
16554
6011
21246
28543
16395
25260
27311
15588
6583
4693
7916
27331
29587
4247
24033
26861
3899
9581
26931
26052
18330
19946
24626
32671
3256
6338
14934
9584
20946
11276
17897
27300
8624
22598
32513
21066
19763
23706
21169
21880
26670
16479
8832
10474
2166
26083
7194
1517
31549
14952
14662
31355
25755
10092
31768
1192
32110
10542
15208
32061
25444
11885
4995
5538
12118
9587
20255
27905
17880
23122
23701
168
5646
2670
9034
31663
15041
20795
19822
10715
12721
21064
23018
4547
7469
17533
2707
31281
17378
17057
676
24267
17137
1310
10603
6131
9796
26889
9538
14827
23329
26717
705
28477
12543
26503
23602
21082
23705
31784
5445
2689
12610
4374
32518
12258
1144
2980
30731
15108
28603
22051
23794
868
25760
29608
23819
4447
18209
272
1873
18257
567
18242
9119
9727
19115
17076
11296
12338
1064
17457
31496
12709
31894
3801
129
27937
29091
5993
5352
30183
5282
18620
15162
14414
153
29074
26569
30125
22165
16273
7988
14203
29761
27529
405
32181
30903
31484
5628
11392
2966
15070
27165
32016
6741
22425
23109
30152
32727
13908
5523
11683
19007
29557
12900
24274
4869
10852
26383
3239
7498
27282
15059
16561
11880
32187
17165
9001
21710
25448
16558
29324
4363
9655
12781
7818
5416
27486
11321
2591
3643
27374
4722
14592
11321
9045
31576
27704
23564
32167
23620
29203
26597
15390
19478
11579
29140
23135
29294
5921
31894
17150
30495
16798
30382
32325
1504
7131
31671
15921
14917
32366
16376
27582
2030
17093
23097
6500
29439
27080
24533
32482
11471
5562
1809
25146
26853
23392
17324
4605
32288
11878
4535
21704
10293
27902
25255
29199
32095
20170
24745
14361
27729
15100
31797
9036
22128
18876
30694
2731
6719
29898
26249
30109
8730
15204
20340
32496
19240
15722
27929
26909
14475
4544
14810
18382
26329
23540
16159
25245
5072
25888
23206
13599
20037
15378
28187
12321
16990
8363
11497
8241
5633
16005
31823
23905
27020
31448
6582
10311
20679
22943
31554
22600
22551
15862
7847
16151
27124
2503
14910
25976
10396
24741
1112
1354
4105
4600
1234
25796
29729
28251
9449
30463
12078
3138
29008
26036
5261
16352
17024
26696
31658
19016
16208
3077
30508
978
28101
20907
3180
1472
17963
17447
32556
5921
31844
27810
1414
24822
29569
18365
30754
11668
3983
8219
21164
14153
22963
29217
6277
19010
10874
15609
29113
15788
20074
25821
5170
2074
22749
2706
19755
29479
6415
31794
16103
12892
25973
9007
9890
24916
12624
5013
16072
11549
8323
8335
4453
11490
3489
6701
20188
11719
13899
6244
31965
30229
441
30551
4497
17303
5526
26836
20247
2372
11537
16162
29492
12317
26161
21754
3910
24409
31080
14035
7290
4032
3948
29027
8255
28245
10562
10594
29947
21047
20123
24721
2812
18889
30308
3067
13745
785
23961
24442
22810
4958
16474
29310
2941
25134
10560
8714
32603
15182
19185
21503
18850
19523
6130
32669
22564
4329
3261
8007
11336
29530
24596
28550
11775
8977
3476
8017
11002
26448
28301
21900
22043
28862
21777
12238
23337
28245
23883
7783
23239
27003
26898
16802
25255
11631
31166
11335
13819
15847
23611
12132
31276
8440
23388
4941
7119
53
27761
25058
32725
25883
2587
9744
21761
5293
12639
17563
6560
20059
13562
21018
10612
29224
23284
2627
26609
21004
30840
19560
23212
12951
32739
16706
18448
16088
13595
3566
11858
29565
31778
14389
9896
17723
30187
8208
2230
1649
24428
12907
25161
20488
26356
14634
5960
29085
27583
27754
15848
11490
23496
10505
2846
16449
9182
28776
25434
1219
26106
5487
25458
9009
27088
15058
30172
9337
31652
1683
18465
24914
11615
11977
13454
5411
11746
17311
29741
6177
10906
23199
11508
1208
28500
32561
12347
19501
14419
3166
32116
32385
27296
21466
23830
18840
9890
13890
10202
29595
26862
4258
3626
21658
11616
9018
29654
4982
18539
21890
13322
10750
27309
31595
24957
29784
711
32744
22250
20387
29035
6317
11204
3034
17335
26422
24870
13563
26561
11020
23305
30569
3955
26948
31161
9103
13721
11592
26506
5319
31032
18138
28358
32634
17185
10581
27627
27272
27079
20534
12307
22506
18254
19676
26548
24726
30180
24972
22921
18338
9812
19896
4560
18605
17624
12161
19894
9595
24623
7802
15120
14047
1776
25519
24651
1246
3870
29414
16550
10769
31740
2340
4254
1611
30243
5235
3754
1148
2513
18659
21545
30677
8068
1743
12953
21549
25288
30305
28937
17828
2893
31832
32209
27526
15420
27657
26752
14962
28107
6820
14358
18875
5392
14265
29044
4110
32274
3835
25104
21333
3110
5955
749
20444
21625
29400
1995
23218
18153
17645
28315
851
22809
107
9013
30851
26564
5105
2893
13437
16977
5913
3747
13389
5288
23806
28539
15995
9029
4091
1869
31977
3466
15029
15293
28158
2650
25179
16333
28932
21219
5676
30034
29135
12219
6202
677
30624
23599
878
28826
6985
13272
4813
25782
10385
24175
28153
19356
28377
28129
7931
1993
1280
8870
5439
30849
1157
19023
23008
27913
32747
27743
22823
22551
14434
14684
25934
22407
22179
28710
22153
25679
11036
11655
27719
16053
14669
23050
21428
27328
4722
10769
30595
20716
17250
25634
31980
22305
22967
24962
4592
1510
17455
32005
28900
3539
4690
25636
15661
16708
22357
32336
7497
22101
13375
24198
13839
1290
19786
29476
27447
21965
11916
26619
2332
13342
25558
28325
15297
6534
18397
24856
30482
25804
20119
29308
13421
12652
20200
25146
10593
17221
3966
25942
23478
23186
6906
14846
13997
1051
8016
6499
1416
14765
23664
31687
30541
26311
26150
25303
4040
9622
15678
7740
10703
18467
1005
15981
28362
460
20844
10695
26482
17649
26854
2015
2520
10479
22420
30487
26793
27730
15911
16495
26545
26438
18790
32158
6559
591
7704
25954
11016
1338
15396
12820
32430
21076
7415
22143
24321
25049
4390
29938
26854
4527
8532
19604
5048
7508
30295
4344
31372
21014
3222
24561
19130
21378
14005
18856
31641
1054
13173
7915
13193
26203
23253
31176
32311
2501
9854
13403
14364
22653
6493
16868
21319
22761
19090
7708
22877
14250
6025
18122
20190
11726
16742
29585
23465
5959
31143
12
23747
19868
8708
15389
17236
6879
17306
5761
25842
22751
329
21928
8482
4254
2395
21188
28
11782
19046
27425
11983
7127
28531
7092
31781
23524
26463
31478
15240
28543
31618
1267
12453
9266
14735
28061
26736
6320
13499
28007
9064
3594
25122
15375
13596
22822
5222
11707
31982
2158
23193
9800
23575
4549
18013
22239
19691
7359
23881
31177
32606
15633
14735
132
7880
12614
7644
26646
9445
31156
128
10145
24096
23471
20943
27960
785
9468
455
7409
2884
17288
2291
17979
7484
1370
30862
882
16311
5319
21996
30641
12340
1253
17686
24296
691
578
18101
25646
28348
31701
3377
12888
28066
22580
11545
29386
3593
2824
11462
11917
8358
7870
14139
17826
8774
1664
30288
28822
1810
19556
22544
87
19217
28643
17247
20550
27630
2188
32736
7821
12284
249
21781
16051
24183
32259
9416
23150
19725
17970
1194
13496
26268
15735
6971
8996
3902
18718
17385
12659
2435
12286
15996
9058
16637
19187
28081
18631
7682
6542
26917
22492
18093
3850
26229
16859
28966
11138
15780
13771
11043
13666
3261
17817
15023
10012
16057
24938
31787
9500
31138
7472
24978
4093
14329
29819
30465
1789
4438
147
4214
28334
30286
21699
1239
20463
25497
29943
6711
8987
20596
6794
1878
23424
23621
15193
11878
18195
32638
1820
29973
5729
17347
20214
24007
8393
18255
2890
17955
14569
3988
29649
28370
9558
28449
24041
12419
4496
713
21808
563
2869
2562
8786
13483
24436
7819
13343
1866
27845
3922
7905
31236
15575
25236
9708
171
31434
17222
886
31597
6559
23988
25257
6303
16109
28520
16375
953
17877
3661
9134
1441
28215
27412
27340
31276
3110
4823
4628
16098
19354
29692
14177
32513
23653
10845
17723
197
6761
22181
31912
22503
1543
1277
20804
8547
8411
26345
19348
11391
678
25708
26008
13577
14987
18547
5535
4832
20607
3185
31583
694
31483
1862
25413
27667
23795
869
5130
18589
24588
54
6791
4248
32522
8889
1994
20649
5255
6509
21865
19679
491
30576
25622
21747
17048
19175
18548
11727
16229
29344
23082
13390
30286
30454
14645
7491
19050
27125
15746
30396
4125
4799
1212
20104
10638
26670
4707
8694
18267
7867
13854
31456
8588
19871
11346
24040
15558
28472
11507
28162
4033
16557
23706
26931
7420
17621
21464
25240
21680
28245
12491
23977
21250
13577
26350
11967
20092
6822
16693
17620
19134
25245
19034
16522
25457
322
3953
31855
17277
1581
28867
27264
7292
1504
29913
27372
12910
18091
20951
26
20398
13517
8460
1004
13605
25052
28870
16966
23229
4967
10347
7370
5144
9433
29381
7142
28035
16544
8862
4369
21797
13455
17805
11857
25724
25985
22799
14081
24075
9792
21977
11729
13132
30117
1389
9230
9964
26624
21996
3620
24375
16313
8235
16737
31954
31032
5128
32507
2472
19971
16127
12373
21542
29478
24824
14462
2731
5848
867
32506
11066
24923
1671
6086
7027
32036
6423
11414
31937
27196
19975
2913
4308
8422
17565
32287
16978
18306
5835
20434
9673
32689
444
8899
1769
3770
31917
31758
22000
25901
12798
10336
2405
18886
3721
24064
18441
11155
23346
16396
28427
24409
5311
9990
18555
19509
30187
21135
1537
19327
26549
26737
21455
16371
19454
25827
6100
10259
22099
24585
12594
12231
26376
19643
19443
1351
7302
5255
7415
30010
3813
13561
6705
4640
27070
16921
788
27373
22586
29238
19783
5366
30575
5858
18848
3345
17133
10046
5456
13304
12179
16248
11099
27119
26792
14737
10828
3495
25383
17252
8742
25185
15193
5604
32413
8534
4265
12709
24966
14935
21429
17566
397
1969
15009
7469
24870
31059
20400
20059
29126
31539
19989
26978
30546
6893
16646
28780
16344
12461
6419
26270
893
3920
11190
8533
182
32710
20779
16047
10427
3003
5249
25934
28729
23414
10738
12632
6215
11009
8048
29378
924
6794
31616
8399
27647
24073
15947
9939
3070
4131
30962
28221
4323
11342
28451
18900
26852
29751
30442
9793
16794
17505
2761
9166
19125
7182
16906
32109
4333
23650
9044
24828
1340
710
1405
7367
1098
25227
29343
17999
29225
8655
16750
15946
15938
32165
22728
13802
25487
6512
20878
6498
14603
23952
27315
935
9831
10561
914
8051
4351
23487
4229
6544
5388
30895
15795
2131
24347
27578
13353
27751
14782
12155
13613
11979
9089
23451
32718
16414
287
24122
13504
15643
16374
25745
11367
15456
31929
14038
29490
10611
613
2912
24618
20742
13686
5388
31179
634
16218
20703
7442
27299
3622
22253
6871
3019
31880
12921
16221
30457
13820
1373
30760
10867
11075
31405
3086
14721
11026
19607
6545
8564
29447
24973
20332
28647
19680
17575
4972
