86
172
107
196
27
3
36
10
178
159
152
133
162
44
81
21
113
42
69
84
8
49
10
30
156
38
32
1
178
30
49
148
42
36
94
20
73
102
135
46
132
77
96
41
16
77
200
35
121
135
2
33
52
107
0
55
132
134
135
180
5
41
181
96
153
91
91
125
50
175
187
146
112
79
97
56
135
183
119
165
50
116
103
136
52
21
1
172
135
77
74
98
52
200
164
172
12
141
22
41
69
52
78
15
145
45
68
186
33
135
77
43
114
96
19
6
115
55
147
97
127
148
173
137
143
26
196
141
61
186
48
65
0
49
5
13
115
48
143
182
19
2
25
167
195
163
11
7
91
173
99
18
134
10
175
23
52
132
196
14
26
11
136
37
95
174
86
122
196
152
69
138
146
138
40
66
50
9
161
54
21
39
29
146
54
131
35
28
121
28
184
47
96
11
83
128
175
131
154
196
4
18
23
98
55
200
108
120
107
119
165
188
103
1
38
147
44
167
138
153
79
104
120
134
118
166
91
61
8
117
172
112
51
102
185
42
141
130
141
140
45
170
143
2
100
103
140
123
148
172
78
158
198
64
73
21
28
45
189
108
165
30
2
199
94
43
173
95
177
176
168
195
32
32
40
38
156
87
67
22
56
179
72
140
142
87
26
85
11
16
30
68
158
53
52
25
173
90
4
129
99
63
142
195
94
170
0
181
170
183
72
44
144
36
166
143
134
58
91
163
140
48
73
106
76
67
21
10
196
77
128
161
12
22
116
84
128
40
9
44
15
114
132
19
57
171
2
152
158
154
89
127
136
85
4
112
175
37
149
10
133
35
8
144
1
180
86
59
101
103
53
8
144
105
124
32
96
14
59
98
181
37
173
89
2
86
129
126
97
41
178
129
29
175
130
181
103
145
158
162
44
190
154
184
166
73
69
4
38
178
33
55
130
76
197
15
14
191
167
132
24
32
180
111
194
126
191
123
138
32
145
70
70
152
127
19
55
16
88
109
132
76
25
38
106
122
143
104
105
131
61
65
124
66
137
151
11
92
115
149
83
41
191
112
137
17
38
124
164
40
24
153
90
120
174
8
170
131
119
8
77
39
164
191
138
92
162
74
122
77
36
0
90
69
162
62
97
15
148
39
