32763
32752
32750
32747
32745
32744
32740
32739
32736
32736
32727
32726
32725
32718
32710
32691
32689
32689
32673
32672
32671
32669
32661
32657
32655
32650
32649
32638
32634
32633
32628
32628
32627
32618
32617
32610
32606
32603
32603
32576
32561
32561
32560
32556
32556
32549
32546
32541
32522
32518
32513
32513
32513
32511
32507
32506
32496
32493
32488
32482
32479
32466
32442
32434
32431
32430
32421
32418
32413
32408
32403
32385
32382
32371
32366
32348
32341
32336
32325
32311
32301
32288
32287
32274
32259
32255
32254
32253
32247
32238
32234
32211
32209
32193
32187
32181
32167
32165
32159
32158
32156
32149
32142
32135
32123
32116
32112
32110
32109
32099
32095
32087
32076
32076
32069
32061
32056
32053
32053
32037
32037
32036
32036
32033
32028
32016
32005
31987
31987
31982
31980
31977
31966
31965
31965
31954
31949
31937
31929
31917
31912
31912
31898
31894
31894
31893
31880
31870
31866
31855
31850
31848
31844
31842
31832
31823
31807
31807
31797
31797
31795
31794
31787
31784
31783
31781
31778
31771
31768
31758
31752
31740
31730
31717
31715
31708
31707
31702
31701
31694
31687
31685
31682
31679
31678
31671
31670
31668
31663
31662
31658
31653
31652
31641
31639
31618
31616
31613
31607
31597
31595
31583
31576
31568
31563
31562
31554
31554
31549
31545
31539
31525
31496
31486
31484
31483
31482
31480
31478
31470
31468
31466
31456
31448
31441
31435
31434
31405
31403
31403
31393
31387
31383
31372
31355
31352
31334
31333
31319
31312
31287
31281
31281
31276
31276
31267
31260
31249
31243
31236
31231
31209
31198
31190
31181
31179
31179
31178
31177
31176
31173
31166
31161
31156
31155
31152
31151
31151
31146
31143
31140
31140
31138
31138
31129
31126
31124
31122
31113
31106
31104
31104
31083
31080
31079
31072
31068
31059
31056
31038
31032
31032
31025
31019
31012
30985
30978
30966
30962
30950
30948
30926
30921
30916
30913
30906
30903
30903
30895
30869
30864
30862
30852
30851
30849
30840
30823
30820
30816
30790
30788
30784
30780
30769
30762
30760
30759
30754
30738
30734
30731
30723
30715
30694
30677
30654
30652
30647
30641
30641
30624
30619
30608
30608
30606
30605
30595
30576
30576
30575
30569
30567
30553
30551
30546
30541
30539
30508
30502
30497
30495
30487
30482
30477
30477
30472
30465
30465
30463
30462
30457
30454
30453
30453
30452
30442
30422
30412
30410
30404
30404
30396
30394
30383
30382
30370
30356
30354
30349
30337
30332
30325
30324
30318
30308
30305
30299
30295
30290
30288
30286
30286
30280
30273
30266
30262
30261
30252
30246
30243
30241
30229
30228
30225
30217
30206
30187
30187
30183
30182
30180
30172
30166
30164
30152
30125
30123
30117
30113
30109
30105
30097
30095
30082
30079
30063
30060
30052
30048
30034
30019
30010
29991
29979
29973
29970
29966
29963
29959
29947
29944
29943
29941
29938
29937
29917
29913
29898
29896
29860
29855
29850
29837
29821
29819
29792
29787
29784
29783
29781
29779
29761
29760
29751
29741
29729
29726
29725
29707
29696
29692
29692
29687
29678
29676
29671
29659
29654
29649
29626
29621
29610
29610
29608
29595
29595
29587
29585
29580
29574
29572
29569
29565
29563
29560
29557
29530
29527
29497
29493
29492
29490
29487
29479
29478
29476
29473
29466
29447
29446
29440
29439
29435
29432
29432
29423
29418
29414
29413
29409
29400
29397
29394
29388
29386
29386
29381
29378
29352
29348
29344
29343
29324
29314
29310
29308
29294
29292
29291
29274
29268
29262
29256
29242
29239
29238
29235
29234
29232
29229
29225
29225
29224
29221
29217
29206
29203
29199
29179
29174
29173
29144
29140
29135
29135
29132
29126
29124
29122
29120
29118
29116
29113
29104
29091
29085
29074
29073
29068
29063
29044
29035
29029
29027
29014
29008
29000
28994
28966
28948
28946
28940
28937
28932
28932
28926
28923
28900
28888
28870
28869
28867
28863
28862
28856
28850
28843
28843
28826
28822
28819
28815
28788
28788
28786
28784
28780
28776
28741
28737
28729
28716
28711
28710
28702
28680
28667
28655
28648
28647
28643
28641
28630
28627
28609
28603
28595
28588
28578
28558
28551
28550
28543
28543
28539
28534
28531
28520
28500
28495
28493
28481
28477
28472
28459
28451
28449
28442
28439
28428
28427
28422
28420
28412
28409
28399
28390
28377
28372
28371
28370
28367
28365
28362
28358
28348
28342
28334
28325
28323
28319
28318
28315
28314
28301
28285
28275
28271
28268
28253
28251
28250
28245
28245
28245
28243
28221
28215
28206
28198
28195
28187
28185
28185
28173
28171
28169
28168
28162
28162
28162
28158
28153
28142
28129
28120
28115
28115
28113
28112
28112
28107
28101
28096
28093
28081
28077
28077
28075
28072
28066
28061
28049
28045
28045
28041
28035
28032
28026
28023
28018
28015
28007
28001
27970
27960
27939
27937
27929
27926
27919
27915
27913
27913
27912
27911
27905
27903
27902
27897
27894
27890
27884
27860
27845
27841
27810
27805
27783
27761
27754
27752
27751
27751
27750
27746
27743
27730
27729
27719
27715
27713
27706
27704
27704
27690
27672
27667
27666
27661
27657
27652
27651
27650
27647
27630
27629
27627
27619
27618
27615
27596
27587
27586
27583
27583
27582
27578
27563
27562
27560
27557
27544
27541
27529
27526
27523
27521
27515
27512
27506
27497
27486
27476
27452
27449
27447
27432
27425
27412
27411
27405
27403
27394
27383
27377
27375
27374
27373
27372
27367
27367
27363
27355
27346
27340
27338
27336
27336
27332
27331
27328
27315
27312
27311
27309
27306
27300
27299
27297
27296
27282
27272
27264
27254
27246
27227
27200
27196
27182
27168
27165
27146
27133
27125
27124
27119
27101
27093
27088
27081
27080
27079
27079
27076
27070
27020
27014
27008
27006
27003
26994
26985
26978
26974
26970
26967
26957
26948
26942
26932
26931
26931
26920
26917
26917
26909
26908
26898
26889
26886
26880
26870
26862
26861
26854
26854
26853
26852
26846
26836
26832
26814
26803
26795
26793
26793
26792
26782
26771
26767
26764
26759
26754
26752
26751
26737
26736
26729
26727
26726
26717
26715
26714
26710
26710
26696
26677
26676
26671
26671
26670
26670
26670
26668
26665
26657
26651
26646
26641
26639
26624
26619
26609
26609
26603
26597
26581
26578
26574
26569
26567
26565
26564
26561
26549
26548
26545
26542
26537
26536
26533
26521
26520
26508
26506
26503
26487
26482
26482
26481
26472
26463
26454
26448
26445
26443
26438
26433
26433
26422
26396
26393
26383
26381
26376
26375
26359
26358
26357
26356
26353
26350
26349
26345
26342
26342
26335
26329
26320
26317
26311
26308
26285
26270
26268
26253
26249
26244
26240
26240
26229
26218
26217
26214
26203
26197
26179
26175
26174
26164
26161
26159
26150
26147
26139
26135
26130
26114
26106
26101
26098
26095
26083
26068
26061
26059
26058
26052
26044
26038
26036
26030
26008
25988
25985
25976
25973
25972
25954
25950
25942
25934
25934
25930
25929
25923
25915
25901
25888
25883
25864
25861
25842
25839
25827
25821
25804
25797
25796
25782
25781
25779
25763
25760
25756
25755
25755
25752
25745
25735
25725
25724
25708
25708
25690
25684
25680
25679
25679
25674
25646
25636
25634
25622
25613
25603
25599
25587
25583
25575
25572
25558
25526
25522
25519
25516
25510
25503
25497
25495
25487
25468
25458
25457
25454
25452
25450
25450
25448
25448
25444
25440
25434
25431
25428
25424
25423
25419
25413
25396
25384
25383
25382
25377
25360
25344
25340
25337
25329
25326
25323
25303
25303
25291
25288
25282
25277
25262
25260
25259
25257
25255
25255
25246
25245
25245
25240
25236
25234
25227
25216
25216
25210
25185
25179
25175
25161
25147
25146
25146
25136
25134
25122
25117
25115
25107
25104
25072
25058
25053
25052
25051
25049
25049
25018
25018
25010
24985
24981
24980
24980
24978
24973
24972
24966
24965
24963
24962
24960
24959
24958
24957
24956
24955
24954
24948
24942
24938
24938
24937
24923
24916
24915
24914
24905
24877
24870
24870
24857
24856
24856
24843
24835
24829
24828
24824
24822
24820
24817
24814
24812
24804
24800
24793
24773
24752
24745
24741
24726
24722
24721
24690
24683
24668
24664
24662
24657
24655
24651
24645
24630
24626
24623
24618
24599
24596
24594
24588
24585
24578
24574
24572
24566
24561
24545
24541
24539
24533
24522
24494
24469
24465
24459
24458
24442
24436
24428
24428
24422
24415
24415
24409
24409
24390
24386
24384
24383
24375
24369
24362
24358
24347
24344
24340
24321
24306
24296
24295
24293
24274
24271
24267
24255
24254
24251
24248
24220
24198
24185
24183
24175
24169
24168
24152
24130
24128
24122
24096
24093
24085
24083
24081
24076
24075
24073
24066
24064
24046
24045
24043
24041
24040
24033
24014
24008
24007
23990
23988
23985
23977
23976
23973
23968
23961
23956
23955
23952
23949
23915
23905
23901
23895
23893
23893
23883
23881
23870
23868
23864
23861
23851
23830
23819
23817
23815
23807
23806
23805
23804
23795
23794
23793
23787
23757
23747
23738
23728
23716
23715
23713
23706
23706
23705
23701
23694
23688
23672
23670
23666
23664
23661
23655
23653
23650
23649
23638
23621
23620
23611
23602
23600
23599
23584
23575
23572
23571
23569
23564
23550
23540
23537
23535
23530
23524
23515
23505
23504
23496
23487
23478
23475
23471
23468
23465
23460
23451
23441
23436
23427
23424
23424
23414
23409
23407
23401
23392
23388
23384
23365
23359
23346
23345
23338
23337
23336
23329
23327
23326
23317
23305
23287
23286
23285
23284
23267
23258
23253
23245
23239
23229
23226
23218
23213
23212
23206
23199
23198
23197
23195
23193
23189
23186
23185
23163
23150
23135
23130
23122
23116
23109
23097
23086
23082
23078
23074
23074
23068
23062
23051
23050
23023
23018
23011
23008
23005
22988
22983
22973
22968
22967
22963
22948
22943
22922
22921
22910
22901
22892
22877
22855
22837
22823
22822
22818
22815
22810
22809
22801
22801
22799
22782
22761
22751
22749
22744
22736
22730
22728
22724
22709
22701
22681
22675
22662
22659
22653
22640
22600
22598
22589
22589
22586
22584
22580
22574
22564
22562
22559
22556
22553
22551
22551
22544
22540
22519
22506
22506
22503
22502
22498
22492
22474
22471
22454
22453
22448
22431
22425
22422
22422
22420
22419
22415
22407
22399
22394
22380
22360
22358
22357
22345
22341
22321
22310
22305
22302
22271
22257
22256
22253
22250
22248
22239
22234
22230
22221
22220
22198
22194
22186
22184
22183
22181
22179
22171
22165
22164
22160
22153
22153
22150
22143
22141
22139
22133
22128
22124
22118
22101
22099
22099
22098
22097
22063
22051
22043
22042
22039
22032
22022
22008
22000
21996
21996
21993
21981
21979
21977
21974
21974
21965
21963
21941
21928
21928
21911
21906
21900
21894
21890
21889
21884
21883
21880
21865
21860
21838
21829
21829
21822
21811
21808
21808
21797
21781
21777
21761
21754
21754
21747
21737
21710
21710
21710
21704
21701
21699
21691
21689
21684
21680
21680
21673
21670
21666
21661
21658
21649
21648
21647
21646
21641
21636
21628
21625
21625
21613
21593
21567
21562
21554
21549
21547
21545
21544
21542
21540
21538
21535
21525
21522
21517
21503
21497
21467
21466
21464
21455
21441
21440
21438
21429
21428
21408
21403
21397
21390
21378
21341
21340
21333
21332
21326
21323
21319
21310
21307
21305
21303
21300
21297
21295
21295
21294
21279
21275
21265
21253
21252
21250
21246
21244
21228
21225
21223
21219
21203
21188
21177
21169
21168
21164
21162
21156
21155
21154
21153
21148
21140
21135
21135
21098
21097
21093
21082
21076
21066
21064
21047
21029
21025
21025
21019
21018
21014
21014
21013
21009
21009
21004
21004
20997
20996
20985
20973
20971
20951
20946
20943
20932
20931
20929
20927
20924
20907
20901
20893
20885
20880
20880
20878
20876
20876
20870
20866
20864
20855
20844
20826
20823
20804
20800
20797
20795
20792
20788
20784
20783
20783
20779
20770
20770
20753
20750
20743
20742
20737
20722
20716
20703
20702
20697
20691
20684
20679
20664
20649
20633
20618
20617
20607
20604
20597
20596
20596
20593
20589
20550
20534
20534
20533
20519
20506
20504
20504
20488
20479
20478
20471
20471
20463
20461
20453
20450
20444
20440
20438
20436
20434
20427
20425
20413
20400
20398
20387
20371
20367
20366
20360
20359
20340
20340
20337
20332
20322
20322
20319
20317
20313
20305
20294
20290
20283
20279
20274
20268
20255
20247
20242
20220
20214
20213
20200
20199
20190
20188
20182
20170
20168
20167
20154
20149
20141
20139
20139
20139
20129
20129
20123
20121
20119
20104
20100
20099
20092
20081
20081
20074
20071
20068
20067
20059
20059
20044
20037
20033
20031
19989
19988
19988
19978
19975
19971
19956
19946
19942
19932
19929
19926
19905
19898
19896
19894
19892
19872
19871
19871
19871
19868
19859
19850
19849
19831
19830
19825
19823
19822
19815
19806
19801
19799
19799
19795
19794
19786
19783
19775
19767
19763
19757
19755
19734
19725
19707
19696
19691
19680
19679
19677
19676
19675
19648
19643
19613
19608
19607
19607
19604
19601
19597
19575
19574
19570
19560
19556
19553
19537
19523
19509
19508
19501
19492
19490
19488
19478
19471
19471
19458
19454
19443
19441
19437
19436
19432
19416
19410
19400
19393
19392
19385
19384
19381
19378
19376
19360
19356
19354
19348
19327
19325
19305
19304
19299
19286
19279
19277
19274
19253
19252
19248
19240
19220
19218
19217
19212
19204
19187
19185
19181
19175
19173
19168
19161
19158
19134
19134
19130
19125
19122
19120
19115
19090
19087
19079
19074
19067
19063
19054
19050
19046
19043
19038
19037
19034
19032
19029
19023
19018
19016
19010
19007
18986
18962
18954
18942
18936
18915
18914
18910
18900
18892
18889
18886
18876
18875
18869
18868
18860
18856
18850
18850
18849
18848
18840
18837
18823
18790
18788
18786
18776
18768
18765
18718
18689
18679
18674
18668
18661
18659
18655
18649
18647
18646
18631
18620
18616
18615
18614
18613
18606
18605
18597
18593
18591
18589
18589
18568
18555
18548
18547
18539
18537
18534
18529
18526
18513
18504
18491
18486
18486
18485
18478
18467
18465
18465
18448
18441
18440
18429
18408
18397
18382
18379
18372
18366
18365
18357
18354
18340
18338
18331
18330
18330
18318
18317
18315
18309
18307
18306
18299
18297
18296
18273
18267
18258
18257
18255
18255
18254
18254
18247
18242
18233
18223
18209
18205
18202
18195
18193
18192
18187
18184
18182
18172
18153
18138
18129
18122
18113
18101
18099
18093
18091
18079
18074
18055
18054
18042
18041
18041
18032
18013
17999
17999
17986
17979
17970
17968
17963
17955
17950
17947
17921
17899
17897
17897
17880
17877
17873
17864
17851
17842
17836
17828
17826
17821
17817
17805
17805
17804
17792
17785
17782
17778
17778
17776
17766
17765
17752
17752
17723
17723
17695
17695
17688
17686
17684
17682
17649
17645
17645
17638
17633
17624
17624
17621
17620
17603
17582
17578
17575
17574
17566
17565
17563
17533
17513
17505
17480
17457
17455
17455
17451
17447
17443
17435
17430
17408
17407
17406
17391
17391
17391
17385
17378
17372
17347
17335
17325
17324
17320
17319
17318
17311
17306
17306
17303
17300
17288
17278
17277
17268
17252
17250
17247
17242
17236
17228
17225
17225
17222
17221
17208
17206
17185
17165
17163
17155
17151
17150
17150
17149
17137
17133
17116
17112
17097
17093
17076
17065
17057
17049
17048
17030
17027
17024
16994
16990
16989
16988
16978
16977
16971
16966
16955
16952
16945
16944
16941
16931
16921
16906
16904
16898
16890
16890
16879
16874
16873
16868
16860
16859
16852
16844
16840
16831
16830
16807
16802
16798
16794
16750
16742
16737
16729
16714
16708
16706
16702
16694
16693
16690
16673
16670
16663
16648
16646
16643
16637
16623
16602
16596
16561
16558
16557
16557
16554
16550
16546
16544
16536
16522
16511
16508
16508
16502
16495
16494
16489
16479
16479
16479
16474
16459
16452
16450
16449
16432
16414
16396
16395
16385
16383
16376
16375
16375
16374
16372
16371
16356
16352
16351
16347
16347
16346
16344
16337
16333
16313
16311
16282
16275
16273
16256
16248
16231
16229
16228
16221
16220
16218
16208
16206
16190
16189
16179
16176
16162
16160
16159
16156
16155
16151
16142
16138
16127
16121
16109
16103
16098
16093
16088
16072
16064
16064
16057
16053
16051
16047
16047
16036
16015
16005
16002
15996
15995
15987
15981
15973
15971
15960
15957
15947
15946
15944
15938
15937
15934
15929
15922
15921
15918
15917
15916
15911
15911
15896
15892
15891
15879
15862
15860
15848
15847
15805
15804
15796
15795
15791
15788
15788
15788
15780
15775
15761
15757
15746
15735
15723
15722
15706
15703
15691
15682
15679
15678
15673
15673
15661
15656
15655
15655
15654
15643
15633
15619
15617
15609
15608
15605
15603
15600
15595
15588
15583
15579
15579
15575
15569
15563
15558
15554
15534
15528
15525
15523
15520
15511
15505
15503
15499
15495
15488
15484
15476
15462
15460
15456
15441
15435
15434
15424
15422
15420
15414
15414
15410
15398
15396
15390
15389
15381
15378
15375
15359
15357
15332
15326
15323
15316
15313
15311
15297
15293
15282
15272
15271
15261
15240
15240
15231
15209
15208
15204
15193
15193
15182
15182
15176
15165
15162
15135
15132
15129
15128
15120
15109
15108
15108
15105
15100
15076
15070
15069
15059
15058
15041
15029
15023
15020
15009
15005
15004
15002
14987
14967
14962
14957
14952
14935
14934
14933
14918
14917
14910
14904
14902
14894
14892
14892
14890
14880
14880
14856
14853
14846
14845
14827
14810
14807
14789
14787
14782
14768
14765
14756
14756
14755
14751
14748
14741
14738
14737
14735
14735
14729
14723
14721
14718
14713
14685
14684
14682
14672
14669
14662
14657
14654
14645
14634
14633
14622
14620
14608
14603
14597
14592
14592
14583
14569
14551
14539
14525
14515
14499
14496
14495
14491
14476
14475
14468
14462
14458
14449
14448
14448
14447
14443
14441
14436
14434
14433
14428
14422
14422
14419
14414
14412
14412
14410
14403
14400
14393
14389
14380
14379
14375
14370
14364
14362
14361
14358
14344
14343
14329
14313
14294
14294
14279
14265
14263
14254
14253
14250
14250
14238
14229
14218
14206
14203
14196
14189
14186
14177
14168
14157
14153
14139
14110
14093
14093
14088
14081
14080
14076
14056
14051
14047
14038
14037
14035
14025
14005
14003
13997
13988
13978
13965
13961
13959
13957
13936
13917
13908
13899
13890
13889
13881
13862
13854
13845
13839
13835
13820
13819
13802
13794
13789
13783
13780
13772
13771
13765
13745
13739
13737
13727
13721
13717
13706
13704
13703
13703
13697
13697
13686
13669
13668
13666
13657
13653
13649
13648
13633
13628
13625
13618
13613
13613
13613
13613
13611
13605
13601
13599
13596
13595
13581
13580
13578
13577
13577
13572
13567
13563
13562
13561
13540
13540
13535
13517
13504
13499
13496
13494
13483
13475
13474
13455
13454
13450
13440
13437
13426
13421
13421
13403
13403
13394
13390
13389
13375
13375
13353
13344
13343
13342
13338
13336
13335
13330
13322
13318
13313
13310
13304
13304
13296
13286
13282
13273
13272
13264
13262
13260
13256
13236
13232
13226
13225
13212
13193
13192
13174
13173
13146
13143
13132
13131
13128
13126
13101
13096
13092
13082
13079
13075
13074
13069
13057
13053
13041
13030
13027
13027
13022
13019
13016
12989
12983
12983
12981
12979
12970
12969
12965
12964
12962
12962
12960
12953
12951
12950
12945
12945
12936
12930
12921
12915
12910
12907
12900
12892
12892
12888
12884
12877
12871
12855
12849
12848
12840
12829
12820
12820
12817
12809
12798
12791
12781
12779
12775
12770
12768
12767
12759
12730
12721
12709
12709
12708
12705
12686
12686
12680
12659
12652
12649
12645
12639
12635
12632
12624
12622
12619
12616
12614
12610
12610
12599
12594
12591
12575
12571
12570
12567
12543
12540
12528
12524
12517
12516
12497
12495
12491
12491
12485
12482
12481
12461
12456
12454
12453
12450
12447
12425
12424
12419
12391
12385
12373
12370
12366
12362
12352
12347
12347
12340
12338
12337
12321
12317
12310
12307
12301
12299
12286
12284
12279
12276
12262
12258
12246
12239
12239
12238
12233
12231
12226
12224
12219
12216
12211
12179
12178
12166
12161
12155
12134
12132
12127
12118
12117
12112
12098
12088
12078
12076
12065
12030
12024
12019
12008
12006
12005
12002
11999
11993
11988
11983
11983
11979
11978
11977
11971
11967
11967
11917
11916
11907
11906
11898
11889
11885
11882
11882
11880
11878
11878
11873
11867
11859
11858
11857
11842
11834
11817
11809
11802
11798
11796
11784
11782
11775
11761
11758
11754
11753
11746
11740
11740
11740
11733
11729
11728
11727
11727
11726
11719
11707
11688
11685
11683
11679
11668
11667
11664
11655
11655
11654
11650
11649
11644
11634
11632
11631
11631
11617
11616
11616
11615
11606
11602
11600
11592
11579
11549
11545
11537
11529
11515
11508
11507
11497
11491
11490
11490
11488
11471
11466
11462
11450
11442
11441
11414
11410
11405
11392
11391
11387
11383
11380
11367
11365
11346
11344
11343
11342
11342
11336
11335
11325
11323
11321
11321
11296
11276
11270
11268
11265
11258
11258
11212
11206
11206
11204
11200
11196
11191
11190
11185
11180
11178
11171
11155
11155
11149
11148
11144
11143
11141
11138
11134
11118
11108
11108
11099
11095
11093
11091
11080
11075
11071
11070
11066
11056
11053
11049
11043
11037
11036
11026
11021
11020
11016
11009
11002
11002
10996
10986
10984
10984
10980
10979
10968
10967
10963
10941
10936
10932
10914
10906
10904
10889
10887
10879
10879
10876
10874
10871
10867
10862
10856
10852
10848
10845
10842
10837
10831
10828
10825
10824
10817
10802
10775
10772
10769
10769
10769
10758
10754
10750
10741
10738
10720
10715
10709
10703
10703
10702
10695
10695
10660
10638
10625
10616
10612
10611
10611
10609
10607
10603
10594
10593
10587
10585
10583
10581
10580
10563
10562
10561
10560
10549
10542
10520
10510
10505
10479
10479
10474
10440
10435
10427
10427
10424
10422
10421
10396
10385
10381
10371
10353
10347
10343
10336
10334
10329
10321
10311
10311
10294
10293
10293
10293
10285
10271
10259
10259
10248
10223
10209
10204
10202
10195
10194
10173
10159
10150
10148
10145
10139
10135
10128
10112
10109
10102
10096
10094
10094
10092
10072
10046
10040
10039
10021
10012
10008
9996
9995
9990
9964
9963
9958
9939
9906
9905
9896
9896
9890
9890
9886
9879
9866
9863
9854
9853
9846
9845
9842
9839
9839
9835
9834
9831
9830
9812
9810
9801
9800
9796
9793
9792
9789
9775
9766
9762
9758
9752
9747
9744
9742
9740
9727
9727
9722
9716
9708
9692
9692
9692
9688
9677
9673
9670
9660
9655
9651
9643
9631
9622
9622
9605
9598
9595
9591
9587
9584
9584
9581
9563
9561
9558
9557
9553
9553
9541
9538
9532
9529
9512
9503
9502
9500
9500
9468
9464
9458
9449
9445
9440
9433
9424
9424
9420
9417
9416
9406
9388
9367
9344
9343
9338
9337
9337
9332
9324
9323
9322
9307
9304
9296
9286
9285
9280
9276
9275
9266
9261
9253
9230
9214
9202
9186
9182
9166
9162
9160
9151
9134
9133
9121
9119
9112
9103
9099
9094
9089
9083
9080
9076
9070
9064
9058
9045
9044
9041
9040
9036
9034
9030
9029
9018
9013
9009
9007
9006
9001
8996
8987
8983
8977
8976
8958
8949
8938
8918
8909
8903
8902
8899
8889
8885
8870
8862
8858
8854
8832
8813
8812
8804
8797
8791
8786
8774
8765
8762
8758
8742
8735
8730
8714
8712
8708
8707
8705
8701
8694
8655
8654
8644
8624
8618
8591
8588
8579
8573
8568
8564
8558
8547
8541
8534
8533
8532
8526
8518
8511
8501
8495
8494
8482
8481
8479
8460
8450
8440
8438
8432
8430
8422
8412
8411
8399
8397
8393
8380
8371
8364
8363
8358
8353
8342
8335
8333
8326
8323
8312
8307
8295
8293
8287
8282
8281
8268
8265
8255
8241
8235
8219
8208
8186
8182
8181
8172
8170
8122
8121
8095
8093
8092
8079
8071
8068
8062
8051
8048
8047
8035
8017
8016
8007
8001
7991
7988
7979
7976
7974
7964
7955
7940
7931
7922
7916
7915
7909
7905
7901
7880
7878
7870
7867
7856
7847
7821
7819
7818
7809
7802
7783
7778
7773
7769
7757
7755
7751
7750
7741
7740
7738
7734
7734
7708
7706
7704
7692
7687
7682
7682
7680
7654
7644
7613
7603
7603
7602
7597
7570
7560
7546
7543
7539
7528
7518
7515
7511
7508
7498
7498
7497
7491
7490
7489
7489
7486
7484
7472
7469
7469
7469
7451
7451
7442
7439
7429
7420
7415
7415
7411
7409
7408
7399
7385
7375
7370
7370
7367
7367
7362
7359
7355
7335
7313
7310
7302
7299
7292
7290
7290
7290
7278
7260
7252
7215
7207
7195
7194
7192
7188
7185
7185
7182
7179
7176
7166
7161
7151
7144
7142
7131
7127
7119
7103
7100
7092
7083
7080
7065
7062
7060
7054
7051
7050
7042
7034
7027
7025
7016
7008
7002
7001
6996
6985
6982
6980
6980
6971
6967
6963
6961
6939
6935
6932
6929
6906
6893
6879
6871
6868
6846
6826
6822
6820
6820
6811
6802
6794
6794
6792
6791
6777
6761
6753
6741
6740
6736
6736
6732
6726
6719
6711
6709
6705
6701
6699
6697
6694
6683
6679
6677
6666
6657
6633
6633
6624
6613
6607
6602
6583
6582
6564
6560
6559
6559
6552
6545
6544
6542
6534
6525
6517
6512
6509
6509
6508
6500
6499
6498
6493
6483
6476
6466
6464
6455
6450
6448
6442
6441
6439
6438
6426
6423
6419
6415
6396
6394
6383
6374
6370
6363
6359
6351
6351
6345
6338
6334
6328
6328
6320
6317
6314
6310
6310
6303
6289
6287
6277
6275
6265
6253
6245
6244
6242
6241
6236
6234
6226
6223
6222
6215
6204
6204
6203
6202
6192
6190
6177
6171
6161
6157
6136
6135
6133
6131
6130
6124
6120
6113
6111
6105
6100
6086
6086
6080
6072
6071
6063
6055
6041
6040
6038
6034
6027
6027
6025
6020
6011
6011
6003
5993
5991
5960
5959
5955
5947
5943
5933
5921
5921
5920
5914
5913
5909
5903
5899
5891
5887
5873
5868
5860
5860
5858
5857
5848
5835
5831
5821
5814
5810
5802
5791
5790
5776
5776
5763
5761
5759
5748
5746
5738
5736
5729
5695
5677
5676
5663
5662
5646
5645
5644
5633
5628
5604
5604
5586
5586
5583
5570
5563
5562
5562
5558
5543
5538
5535
5526
5526
5523
5522
5506
5493
5487
5476
5472
5459
5456
5455
5445
5439
5438
5436
5431
5428
5427
5416
5416
5414
5411
5404
5403
5398
5392
5388
5388
5387
5372
5366
5352
5351
5350
5344
5341
5339
5332
5331
5331
5319
5319
5311
5293
5288
5288
5285
5282
5276
5261
5255
5255
5254
5254
5249
5243
5242
5241
5235
5222
5210
5206
5204
5181
5181
5178
5177
5170
5170
5158
5155
5146
5144
5136
5135
5130
5128
5124
5122
5120
5109
5106
5105
5099
5072
5067
5057
5048
5045
5037
5020
5015
5013
5012
4997
4997
4995
4985
4982
4972
4967
4958
4957
4941
4931
4923
4921
4910
4906
4896
4895
4885
4879
4877
4869
4866
4841
4840
4840
4835
4833
4832
4830
4823
4813
4807
4799
4795
4754
4749
4743
4737
4736
4722
4722
4714
4707
4705
4693
4690
4682
4668
4654
4645
4640
4636
4632
4631
4628
4608
4606
4606
4605
4603
4601
4600
4592
4586
4574
4569
4568
4563
4562
4560
4549
4547
4545
4544
4535
4527
4502
4501
4497
4496
4494
4460
4453
4450
4447
4438
4413
4413
4409
4390
4374
4372
4369
4363
4354
4353
4352
4351
4344
4333
4330
4330
4329
4327
4323
4323
4313
4308
4285
4265
4258
4254
4254
4250
4248
4247
4242
4229
4214
4212
4196
4190
4182
4176
4163
4162
4161
4151
4148
4147
4147
4142
4131
4125
4114
4114
4110
4105
4093
4092
4091
4080
4069
4055
4053
4048
4040
4033
4032
4025
4005
3990
3988
3983
3975
3966
3964
3958
3955
3954
3953
3948
3947
3942
3922
3920
3916
3910
3902
3900
3899
3898
3894
3874
3870
3867
3867
3860
3853
3853
3850
3835
3816
3814
3813
3811
3810
3801
3794
3779
3776
3775
3774
3772
3770
3768
3765
3754
3747
3746
3723
3721
3711
3709
3708
3708
3693
3675
3661
3648
3644
3643
3639
3635
3626
3622
3621
3620
3619
3608
3594
3593
3585
3566
3547
3539
3534
3533
3512
3511
3511
3499
3495
3489
3479
3478
3476
3475
3471
3466
3464
3463
3461
3454
3430
3430
3421
3421
3396
3377
3377
3376
3355
3350
3345
3328
3324
3321
3310
3268
3261
3261
3256
3240
3239
3222
3218
3205
3190
3186
3185
3180
3167
3166
3165
3148
3138
3131
3123
3110
3110
3107
3094
3086
3086
3077
3073
3071
3070
3067
3041
3034
3027
3025
3019
3003
2980
2966
2960
2946
2944
2944
2941
2916
2913
2912
2911
2893
2893
2890
2884
2878
2869
2846
2833
2825
2824
2823
2812
2807
2806
2803
2799
2798
2787
2771
2761
2737
2733
2731
2731
2728
2716
2707
2706
2700
2689
2683
2674
2670
2652
2650
2635
2627
2604
2591
2588
2587
2580
2569
2562
2562
2545
2541
2526
2526
2521
2520
2513
2507
2503
2502
2501
2494
2484
2478
2472
2472
2454
2440
2439
2435
2433
2417
2408
2405
2403
2395
2389
2385
2372
2347
2340
2333
2333
2332
2329
2316
2311
2306
2298
2298
2293
2293
2291
2253
2233
2231
2230
2203
2188
2179
2173
2171
2166
2158
2150
2147
2142
2131
2123
2121
2121
2094
2092
2074
2052
2050
2046
2040
2039
2037
2030
2026
2015
2011
1998
1995
1994
1993
1988
1988
1984
1969
1964
1961
1957
1953
1951
1944
1926
1922
1922
1921
1915
1912
1881
1879
1878
1873
1869
1866
1864
1862
1861
1850
1834
1831
1820
1816
1814
1810
1809
1801
1796
1789
1781
1776
1769
1768
1765
1753
1744
1743
1732
1731
1696
1683
1671
1671
1664
1662
1655
1653
1649
1645
1635
1611
1609
1591
1587
1581
1575
1569
1557
1557
1543
1540
1537
1531
1526
1522
1517
1510
1504
1504
1479
1472
1469
1459
1453
1442
1441
1433
1428
1428
1416
1414
1412
1405
1404
1400
1390
1389
1382
1373
1370
1368
1357
1355
1354
1351
1349
1345
1340
1338
1333
1333
1320
1310
1306
1302
1302
1290
1287
1280
1277
1267
1253
1246
1243
1239
1234
1233
1230
1229
1221
1219
1212
1208
1205
1194
1192
1188
1161
1161
1157
1154
1148
1144
1135
1112
1108
1103
1098
1084
1064
1064
1057
1056
1054
1052
1051
1034
1009
1007
1005
1005
1004
994
985
978
962
960
953
951
946
935
926
924
918
918
914
913
913
913
904
893
886
882
878
870
869
868
867
853
851
842
838
837
830
816
815
798
789
789
788
787
785
785
784
774
755
749
746
713
711
710
710
705
705
694
691
690
682
678
677
676
674
673
665
662
657
654
644
634
633
613
609
608
594
591
578
567
566
563
544
541
540
539
525
520
511
491
488
484
476
462
460
459
455
444
441
430
426
423
413
405
397
396
395
390
386
376
364
362
362
343
337
330
329
329
322
319
308
294
287
282
277
275
274
272
249
242
234
230
221
215
206
203
197
182
171
168
153
151
147
136
132
129
128
119
112
111
107
100
97
92
88
87
80
80
60
54
53
28
26
12
2
