7
10
17
19
33
34
44
50
54
55
67
70
74
76
79
82
88
88
90
97
97
99
108
110
111
112
132
137
138
141
143
147
155
160
161
162
165
168
168
172
180
189
190
192
193
196
206
206
207
218
220
227
229
229
235
238
242
244
250
254
264
264
267
269
272
280
286
288
289
299
304
310
319
329
332
334
340
343
343
353
363
365
368
369
370
373
374
382
387
399
404
405
405
409
410
419
422
424
435
436
443
445
450
453
454
460
461
467
471
472
473
487
488
489
497
498
498
521
525
530
533
533
536
548
552
552
552
563
563
566
567
570
576
576
585
586
601
615
616
616
621
623
627
630
640
643
644
646
648
653
655
661
661
662
666
670
677
682
693
698
699
708
714
718
724
724
730
734
735
740
748
753
753
755
755
759
765
775
777
780
782
782
801
801
805
805
806
807
811
812
813
814
817
819
819
821
824
829
833
833
836
852
858
861
862
862
864
865
867
868
869
879
879
884
886
889
889
890
891
898
898
901
904
913
921
924
926
931
934
936
936
940
941
943
948
966
979
998
999
1000
1015
1020
1022
1024
1024
1025
1026
1026
1031
1035
1036
1046
1046
1046
1055
1055
1055
1056
1057
1073
1075
1079
1091
1096
1097
1106
1107
1108
1108
1118
1125
1130
1130
1136
1138
1139
1140
1141
1141
1143
1145
1146
1147
1152
1154
1157
1173
1174
1188
1191
1191
1192
1196
1197
1200
1202
1203
1208
1209
1215
1216
1217
1217
1217
1219
1239
1239
1241
1257
1258
1259
1278
1279
1282
1284
1287
1287
1294
1298
1299
1302
1308
1313
1317
1319
1323
1326
1332
1337
1340
1340
1342
1343
1344
1346
1346
1347
1348
1349
1351
1351
1359
1359
1365
1368
1369
1376
1386
1391
1392
1393
1399
1403
1406
1411
1411
1413
1415
1417
1418
1424
1426
1435
1457
1459
1462
1463
1464
1467
1470
1472
1481
1483
1484
1488
1490
1493
1494
1501
1520
1520
1523
1524
1534
1537
1542
1546
1546
1546
1556
1562
1566
1567
1569
1574
1595
1595
1609
1610
1618
1622
1644
1650
1659
1661
1664
1665
1678
1682
1692
1693
1702
1707
1711
1714
1720
1720
1734
1737
1743
1744
1750
1751
1754
1757
1761
1764
1765
1766
1771
1776
1779
1779
1786
1787
1788
1791
1798
1811
1811
1811
1815
1816
1818
1825
1828
1831
1833
1837
1845
1847
1851
1854
1869
1870
1876
1883
1890
1892
1903
1907
1917
1918
1918
1926
1926
1931
1931
1943
1945
1953
1954
1968
1983
1987
1990
1991
2000
2003
2009
2009
2012
2014
2021
2026
2032
2039
2051
2052
2059
2067
2079
2080
2080
2085
2089
2099
2100
2102
2115
2124
2131
2131
2133
2140
2140
2143
2146
2147
2160
2165
2179
2187
2197
2197
2197
2198
2204
2213
2216
2219
2221
2223
2225
2226
2228
2229
2229
2234
2241
2242
2251
2256
2261
2263
2264
2267
2268
2268
2270
2273
2275
2279
2283
2287
2288
2291
2292
2296
2298
2307
2307
2309
2309
2315
2316
2318
2323
2328
2334
2336
2341
2341
2346
2348
2349
2350
2351
2354
2355
2362
2365
2371
2373
2376
2382
2383
2397
2398
2406
2412
2413
2416
2421
2421
2435
2439
2441
2442
2444
2452
2454
2458
2469
2477
2478
2484
2485
2496
2503
2506
2507
2508
2513
2515
2516
2519
2522
2529
2530
2532
2537
2539
2541
2541
2546
2548
2549
2552
2572
2577
2581
2589
2589
2590
2594
2596
2596
2597
2599
2601
2605
2605
2606
2607
2615
2619
2622
2625
2628
2628
2633
2634
2637
2638
2640
2641
2642
2643
2648
2660
2662
2664
2664
2664
2670
2674
2675
2681
2681
2684
2690
2695
2698
2702
2703
2721
2730
2740
2741
2742
2749
2752
2754
2758
2763
2765
2765
2770
2771
2775
2778
2778
2784
2785
2790
2794
2796
2805
2807
2815
2829
2835
2836
2836
2839
2844
2848
2848
2852
2856
2858
2858
2861
2866
2867
2869
2879
2879
2898
2910
2912
2922
2925
2927
2935
2948
2962
2964
2979
2980
2982
2985
2986
2987
2991
2991
3000
3003
3006
3009
3011
3015
3021
3022
3024
3027
3030
3040
3043
3044
3062
3064
3065
3072
3074
3077
3094
3107
3113
3116
3116
3119
3130
3154
3155
3160
3164
3171
3175
3185
3185
3186
3188
3193
3194
3207
3209
3212
3212
3213
3231
3236
3237
3242
3251
3251
3263
3267
3270
3270
3271
3272
3286
3297
3329
3331
3342
3343
3349
3359
3360
3362
3362
3362
3369
3371
3375
3375
3378
3385
3390
3392
3395
3398
3404
3407
3408
3413
3414
3420
3425
3429
3431
3433
3450
3452
3471
3473
3475
3475
3477
3478
3492
3496
3504
3507
3509
3512
3519
3531
3533
3535
3544
3553
3555
3571
3582
3586
3587
3587
3588
3597
3598
3604
3610
3611
3611
3613
3617
3622
3631
3631
3631
3634
3640
3653
3675
3680
3687
3695
3700
3700
3704
3713
3718
3723
3728
3735
3739
3742
3757
3762
3768
3780
3787
3792
3798
3808
3816
3817
3833
3834
3844
3844
3849
3851
3864
3867
3876
3884
3884
3891
3895
3899
3901
3902
3911
3914
3916
3920
3922
3924
3926
3929
3933
3945
3950
3958
3970
3973
3975
3982
3984
3989
3999
3999
4003
4010
4014
4025
4026
4027
4031
4031
4033
4041
4042
4043
4048
4059
4065
4072
4078
4082
4085
4087
4095
4095
4097
4097
4098
4101
4108
4112
4113
4113
4123
4129
4140
4144
4147
4148
4149
4157
4161
4166
4177
4200
4204
4210
4210
4222
4229
4243
4244
4246
4255
4262
4262
4272
4277
4281
4286
4295
4305
4309
4317
4318
4323
4326
4335
4339
4340
4341
4344
4347
4349
4363
4366
4376
4391
4392
4394
4397
4409
4411
4419
4431
4436
4440
4458
4475
4484
4485
4486
4488
4508
4521
4530
4534
4548
4549
4566
4571
4573
4573
4578
4580
4589
4599
4600
4602
4605
4621
4628
4634
4636
4640
4641
4649
4653
4655
4664
4673
4685
4686
4688
4691
4695
4702
4706
4707
4716
4736
4737
4744
4752
4753
4756
4785
4789
4791
4801
4804
4816
4817
4821
4826
4828
4834
4837
4844
4853
4856
4859
4865
4873
4874
4879
4883
4892
4902
4903
4912
4922
4932
4937
4942
4950
4953
4960
4974
4974
4979
4981
4991
4992
5000
5003
5003
5014
5017
5020
5026
5028
5042
5045
5047
5051
5066
5067
5068
5077
5095
5113
5114
5119
5121
5123
5139
5141
5145
5149
5156
5156
5166
5175
5177
5185
5185
5196
5205
5208
5212
5219
5220
5224
5224
5225
5235
5247
5249
5250
5252
5281
5286
5286
5299
5301
5314
5314
5314
5317
5318
5326
5337
5339
5343
5345
5349
5353
5353
5358
5364
5377
5377
5388
5398
5402
5407
5409
5425
5431
5437
5438
5460
5466
5470
5483
5488
5490
5493
5509
5509
5510
5516
5519
5523
5527
5530
5531
5533
5534
5538
5543
5547
5549
5560
5565
5568
5583
5589
5599
5601
5614
5615
5619
5621
5627
5630
5640
5647
5648
5659
5662
5667
5671
5672
5673
5678
5686
5689
5690
5695
5702
5702
5717
5724
5733
5736
5740
5742
5747
5751
5754
5754
5756
5759
5761
5779
5780
5785
5798
5801
5803
5806
5807
5809
5812
5823
5827
5832
5846
5852
5858
5860
5861
5863
5867
5868
5878
5880
5891
5895
5900
5901
5903
5903
5904
5904
5912
5913
5922
5922
5924
5924
5928
5934
5939
5953
5956
5963
5973
5976
5978
5983
5987
5996
6000
6000
6000
6002
6004
6007
6011
6016
6019
6021
6024
6029
6043
6058
6061
6072
6077
6090
6093
6095
6104
6113
6114
6114
6122
6123
6134
6140
6145
6147
6148
6152
6155
6164
6166
6169
6169
6172
6180
6182
6182
6185
6187
6189
6194
6200
6203
6214
6218
6222
6227
6233
6233
6238
6240
6240
6242
6246
6253
6266
6272
6273
6284
6288
6288
6297
6298
6299
6305
6306
6309
6321
6325
6328
6333
6338
6345
6353
6354
6357
6358
6362
6370
6380
6380
6382
6389
6390
6392
6392
6400
6402
6402
6406
6410
6413
6414
6422
6424
6431
6436
6445
6455
6463
6486
6487
6497
6499
6503
6506
6515
6515
6517
6523
6527
6528
6541
6547
6552
6556
6557
6557
6566
6570
6573
6578
6593
6596
6601
6602
6602
6603
6614
6621
6623
6628
6630
6631
6635
6638
6638
6654
6677
6682
6697
6710
6714
6729
6735
6753
6759
6768
6771
6774
6777
6777
6781
6785
6786
6788
6793
6802
6805
6825
6827
6835
6843
6852
6875
6885
6889
6901
6902
6902
6910
6910
6911
6913
6913
6939
6939
6944
6950
6966
6973
7009
7018
7018
7020
7035
7036
7046
7057
7059
7069
7071
7072
7080
7082
7094
7094
7099
7105
7108
7115
7119
7128
7129
7132
7138
7147
7150
7150
7171
7172
7173
7190
7191
7197
7204
7208
7211
7219
7224
7232
7240
7254
7265
7296
7298
7321
7329
7332
7334
7345
7347
7350
7355
7356
7370
7371
7372
7373
7374
7377
7382
7387
7389
7391
7398
7402
7412
7416
7430
7430
7430
7436
7446
7447
7458
7461
7463
7466
7469
7475
7490
7492
7494
7501
7509
7509
7511
7513
7515
7525
7543
7546
7547
7548
7549
7552
7554
7555
7564
7571
7573
7583
7583
7590
7594
7600
7604
7617
7618
7620
7621
7625
7625
7629
7641
7641
7654
7660
7668
7668
7672
7675
7686
7687
7687
7689
7693
7697
7701
7715
7717
7725
7729
7736
7744
7747
7751
7770
7770
7773
7775
7782
7800
7807
7809
7814
7822
7822
7826
7832
7858
7863
7867
7871
7877
7883
7886
7887
7892
7895
7899
7900
7904
7915
7923
7925
7925
7926
7927
7931
7945
7947
7954
7963
7969
7972
7977
7978
7983
7985
7995
7997
7999
8001
8012
8015
8019
8034
8040
8047
8048
8067
8074
8082
8084
8086
8094
8101
8105
8136
8144
8145
8152
8152
8156
8178
8179
8184
8185
8198
8205
8214
8216
8221
8244
8251
8253
8260
8264
8266
8266
8271
8276
8278
8281
8291
8295
8303
8304
8304
8305
8312
8313
8320
8320
8324
8328
8329
8330
8332
8335
8340
8343
8356
8364
8377
8395
8397
8399
8404
8419
8425
8432
8433
8435
8439
8443
8448
8451
8457
8460
8461
8469
8472
8476
8490
8505
8505
8513
8518
8526
8526
8548
8557
8568
8578
8581
8583
8585
8592
8592
8593
8594
8601
8602
8602
8611
8627
8633
8636
8643
8644
8646
8650
8651
8656
8656
8661
8662
8667
8676
8677
8681
8683
8691
8701
8707
8732
8741
8746
8754
8756
8757
8760
8763
8764
8765
8766
8769
8772
8773
8778
8779
8779
8781
8781
8783
8791
8796
8798
8812
8823
8825
8829
8831
8832
8842
8846
8858
8859
8886
8888
8892
8900
8904
8905
8905
8907
8908
8910
8912
8915
8920
8922
8922
8927
8933
8937
8947
8947
8948
8952
8952
8959
8966
8974
8986
8990
9001
9003
9008
9015
9018
9019
9019
9020
9028
9035
9035
9051
9061
9061
9062
9064
9082
9086
9091
9094
9099
9104
9108
9109
9111
9113
9117
9117
9123
9125
9125
9126
9142
9157
9159
9166
9176
9180
9194
9196
9202
9206
9227
9233
9237
9238
9245
9248
9256
9292
9293
9300
9306
9307
9312
9325
9330
9331
9341
9341
9350
9353
9356
9364
9365
9372
9380
9384
9388
9389
9397
9399
9400
9404
9407
9408
9411
9413
9421
9426
9430
9443
9449
9450
9454
9458
9461
9468
9471
9508
9518
9520
9521
9531
9545
9545
9549
9555
9565
9567
9568
9579
9580
9591
9595
9596
9611
9612
9623
9639
9653
9655
9665
9674
9681
9686
9693
9694
9697
9698
9699
9701
9705
9707
9711
9716
9747
9751
9751
9769
9776
9780
9792
9797
9803
9804
9805
9805
9807
9808
9817
9834
9838
9843
9853
9861
9875
9895
9899
9903
9914
9914
9921
9925
9935
9942
9948
9951
9951
9955
9956
9957
9959
9965
9977
9979
9992
9996
