32683
32567
32469
32452
32449
32383
32333
32283
32240
32175
32152
32037
31844
31820
31753
31745
31659
31340
31335
31309
31246
31144
31133
31061
31028
30997
30857
30726
30641
30630
30621
30554
30501
30500
30495
30480
30364
30354
30300
30282
30266
30215
30203
30196
30117
30052
30003
29781
29778
29717
29704
29677
29655
29630
29519
29490
29478
29452
29269
29251
29047
29034
28989
28884
28765
28755
28696
28673
28645
28607
28503
28435
28434
28230
28205
28157
28101
27986
27834
27810
27780
27753
27587
27586
27549
27060
26915
26844
26815
26746
26649
26632
26620
26597
26472
26396
26321
26236
26199
26192
26157
26103
25853
25850
25778
25655
25458
25263
25255
25241
25183
25183
25096
25036
24937
24918
24835
24829
24759
24632
24598
24557
24459
24441
24400
24388
24371
24304
24270
24244
24234
24185
24078
24067
24034
24030
23992
23901
23877
23790
23716
23715
23702
23658
23612
23381
23378
23254
23235
23213
23188
23159
23061
22852
22795
22793
22715
22700
22584
22455
22450
22444
22404
22108
22090
22028
21987
21955
21800
21755
21742
21632
21497
21457
21412
21362
21228
21227
21146
21143
21115
21084
21022
20947
20915
20672
20545
20416
20387
20257
20176
20121
20059
20049
19972
19919
19860
19670
19548
19431
19430
19388
19286
19286
19247
18822
18606
18549
18496
18333
18295
18141
18106
18083
18066
17939
17921
17886
17850
17627
17566
17545
17484
17272
17231
17203
17179
17161
17104
16881
16795
16787
16781
16741
16727
16725
16723
16621
16590
16573
16463
16450
16382
16365
16325
16084
16044
15852
15801
15771
15632
15577
15553
15540
15506
15482
15431
15332
15229
15184
15135
15132
15113
15045
15029
14908
14863
14517
14485
14430
14348
14344
14284
14237
14010
13952
13812
13757
13738
13697
13678
13584
13556
13508
13321
13276
13194
13159
12858
12781
12779
12740
12654
12626
12538
12452
12448
12269
12073
12068
11939
11907
11870
11781
11753
11745
11673
11665
11664
11646
11628
11618
11605
11577
11337
11188
11138
11113
11113
11102
11085
10992
10942
10851
10632
10485
10482
10416
10267
10192
9991
9985
9951
9936
9874
9820
9710
9702
9679
9442
9431
9226
9225
9190
9120
9109
9086
8783
8747
8620
8588
8569
8537
8515
8248
8211
8184
8113
8026
8016
7977
7946
7883
7874
7871
7749
7622
7546
7527
7519
7486
7444
7315
7302
7271
7222
7204
7180
7146
7069
7057
6921
6854
6698
6555
6541
6498
6491
6458
6406
6382
6367
6317
6242
6155
6072
6036
6030
6013
6001
5965
5854
5788
5772
5738
5707
5680
5673
5670
5650
5561
5524
5451
5412
5387
5065
4900
4872
4823
4816
4805
4787
4749
4733
4690
4674
4668
4633
4543
4325
4295
4259
4214
4183
4013
3864
3861
3830
3751
3716
3537
3502
3427
3357
3219
3218
2908
2833
2749
2739
2615
2586
2504
2422
2408
2399
2333
2318
2296
2260
2246
2218
2211
2059
1625
1614
1604
1575
1557
1556
1297
1281
1257
1163
1152
1101
1070
1050
972
894
832
710
683
585
574
489
418
416
394
372
365
346
249
189
163
93
64
53
23
15
