15
23
53
64
93
163
189
249
346
365
372
394
416
418
489
574
585
683
710
832
894
972
1050
1070
1101
1152
1163
1257
1281
1297
1556
1557
1575
1604
1614
1625
2059
2211
2218
2246
2260
2296
2318
2333
2399
2408
2422
2504
2586
2615
2739
2749
2833
2908
3218
3219
3357
3427
3502
3537
3716
3751
3830
3861
3864
4013
4183
4214
4259
4295
4325
4543
4633
4668
4674
4690
4733
4749
4787
4805
4816
4823
4872
4900
5065
5387
5412
5451
5524
5561
5650
5670
5673
5680
5707
5738
5772
5788
5854
5965
6001
6013
6030
6036
6072
6155
6242
6317
6367
6382
6406
6458
6491
6498
6541
6555
6698
6854
6921
7057
7069
7146
7180
7204
7222
7271
7302
7315
7444
7486
7519
7527
7546
7622
7749
7871
7874
7883
7946
7977
8016
8026
8113
8184
8211
8248
8515
8537
8569
8588
8620
8747
8783
9086
9109
9120
9190
9225
9226
9431
9442
9679
9702
9710
9820
9874
9936
9951
9985
9991
10192
10267
10416
10482
10485
10632
10851
10942
10992
11085
11102
11113
11113
11138
11188
11337
11577
11605
11618
11628
11646
11664
11665
11673
11745
11753
11781
11870
11907
11939
12068
12073
12269
12448
12452
12538
12626
12654
12740
12779
12781
12858
13159
13194
13276
13321
13508
13556
13584
13678
13697
13738
13757
13812
13952
14010
14237
14284
14344
14348
14430
14485
14517
14863
14908
15029
15045
15113
15132
15135
15184
15229
15332
15431
15482
15506
15540
15553
15577
15632
15771
15801
15852
16044
16084
16325
16365
16382
16450
16463
16573
16590
16621
16723
16725
16727
16741
16781
16787
16795
16881
17104
17161
17179
17203
17231
17272
17484
17545
17566
17627
17850
17886
17921
17939
18066
18083
18106
18141
18295
18333
18496
18549
18606
18822
19247
19286
19286
19388
19430
19431
19548
19670
19860
19919
19972
20049
20059
20121
20176
20257
20387
20416
20545
20672
20915
20947
21022
21084
21115
21143
21146
21227
21228
21362
21412
21457
21497
21632
21742
21755
21800
21955
21987
22028
22090
22108
22404
22444
22450
22455
22584
22700
22715
22793
22795
22852
23061
23159
23188
23213
23235
23254
23378
23381
23612
23658
23702
23715
23716
23790
23877
23901
23992
24030
24034
24067
24078
24185
24234
24244
24270
24304
24371
24388
24400
24441
24459
24557
24598
24632
24759
24829
24835
24918
24937
25036
25096
25183
25183
25241
25255
25263
25458
25655
25778
25850
25853
26103
26157
26192
26199
26236
26321
26396
26472
26597
26620
26632
26649
26746
26815
26844
26915
27060
27549
27586
27587
27753
27780
27810
27834
27986
28101
28157
28205
28230
28434
28435
28503
28607
28645
28673
28696
28755
28765
28884
28989
29034
29047
29251
29269
29452
29478
29490
29519
29630
29655
29677
29704
29717
29778
29781
30003
30052
30117
30196
30203
30215
30266
30282
30300
30354
30364
30480
30495
30500
30501
30554
30621
30630
30641
30726
30857
30997
31028
31061
31133
31144
31246
31309
31335
31340
31659
31745
31753
31820
31844
32037
32152
32175
32240
32283
32333
32383
32449
32452
32469
32567
32683
