32763
32762
32758
32751
32747
32742
32741
32740
32727
32704
32703
32700
32673
32672
32668
32661
32655
32651
32649
32646
32642
32638
32637
32622
32622
32620
32614
32610
32608
32595
32594
32593
32588
32580
32575
32570
32564
32562
32560
32557
32556
32552
32550
32546
32545
32545
32541
32537
32534
32524
32522
32520
32515
32509
32503
32500
32497
32493
32492
32490
32489
32481
32472
32471
32470
32458
32454
32452
32447
32446
32443
32429
32427
32424
32411
32411
32408
32407
32404
32403
32398
32386
32385
32378
32364
32362
32362
32361
32344
32343
32343
32337
32337
32333
32333
32328
32327
32327
32324
32315
32315
32312
32299
32294
32292
32292
32285
32280
32277
32275
32274
32271
32271
32270
32269
32254
32245
32238
32235
32233
32229
32217
32206
32205
32204
32195
32175
32173
32172
32167
32157
32149
32147
32146
32144
32138
32138
32137
32134
32134
32132
32126
32114
32113
32107
32104
32101
32099
32092
32091
32087
32086
32075
32073
32070
32062
32060
32054
32053
32048
32042
32040
32037
32037
32034
32029
32020
32017
32014
32013
32011
32010
32007
32001
32000
31990
31984
31976
31974
31970
31969
31967
31967
31962
31958
31954
31943
31937
31937
31934
31932
31922
31913
31913
31908
31906
31901
31900
31899
31899
31898
31894
31890
31889
31885
31883
31880
31876
31875
31863
31863
31861
31861
31850
31849
31844
31830
31830
31829
31828
31823
31819
31817
31816
31804
31804
31803
31800
31800
31796
31796
31796
31795
31793
31787
31784
31783
31778
31776
31763
31761
31752
31742
31739
31736
31731
31726
31719
31708
31697
31687
31684
31684
31681
31681
31679
31674
31672
31662
31661
31644
31637
31620
31619
31619
31616
31614
31612
31609
31608
31599
31595
31586
31585
31583
31574
31572
31570
31561
31557
31552
31539
31539
31535
31526
31516
31515
31510
31507
31506
31506
31505
31498
31498
31497
31496
31481
31477
31475
31469
31469
31464
31452
31449
31446
31444
31443
31439
31434
31432
31429
31418
31414
31414
31412
31412
31411
31403
31397
31395
31386
31384
31381
31379
31372
31358
31357
31349
31347
31343
31341
31341
31341
31341
31337
31335
31321
31316
31312
31309
31307
31300
31297
31295
31291
31286
31269
31265
31264
31261
31253
31251
31237
31225
31222
31220
31212
31211
31211
31206
31203
31199
31198
31198
31196
31195
31189
31176
31163
31152
31151
31143
31140
31132
31128
31125
31116
31099
31096
31087
31084
31081
31075
31072
31069
31069
31069
31065
31062
31056
31055
31050
31045
31033
31030
31018
31015
31015
31015
31012
31002
31000
30987
30974
30958
30955
30949
30937
30935
30934
30930
30917
30915
30910
30908
30908
30902
30900
30895
30884
30883
30882
30879
30868
30863
30860
30851
30845
30845
30843
30841
30832
30828
30828
30823
30818
30817
30815
30812
30795
30795
30790
30786
30786
30779
30778
30773
30761
30756
30748
30738
30738
30731
30729
30725
30716
30715
30705
30667
30661
30655
30650
30649
30631
30630
30627
30611
30595
30590
30590
30589
30585
30583
30582
30576
30575
30560
30558
30553
30548
30546
30543
30543
30528
30520
30515
30511
30507
30504
30504
30496
30495
30490
30490
30485
30480
30476
30470
30469
30463
30462
30459
30456
30456
30455
30455
30444
30429
30427
30425
30419
30418
30417
30412
30410
30403
30402
30398
30394
30391
30390
30388
30386
30385
30383
30379
30379
30379
30374
30371
30364
30355
30354
30352
30349
30344
30343
30341
30340
30336
30335
30329
30329
30328
30322
30305
30301
30298
30297
30296
30293
30291
30289
30285
30284
30284
30273
30272
30271
30259
30259
30255
30242
30239
30231
30229
30228
30227
30226
30219
30217
30208
30208
30206
30195
30186
30177
30174
30173
30172
30166
30164
30161
30150
30145
30141
30128
30118
30117
30115
30112
30099
30087
30086
30085
30077
30064
30056
30049
30049
30041
30038
30029
30019
30017
30016
30015
30011
30009
30002
29997
29992
29992
29984
29976
29958
29953
29949
29945
29944
29943
29933
29931
29930
29924
29924
29907
29906
29906
29902
29896
29895
29892
29884
29884
29882
29882
29872
29867
29866
29866
29865
29863
29862
29857
29856
29848
29846
29844
29844
29841
29836
29832
29824
29805
29802
29796
29793
29789
29787
29777
29777
29762
29756
29754
29753
29752
29747
29747
29743
29742
29731
29730
29726
29723
29722
29719
29718
29713
29709
29702
29694
29694
29691
29690
29687
29683
29683
29680
29678
29663
29662
29658
29655
29654
29637
29633
29630
29630
29630
29628
29625
29623
29622
29618
29618
29617
29598
29590
29588
29583
29570
29569
29569
29567
29559
29555
29547
29547
29547
29546
29545
29545
29542
29541
29528
29524
29524
29519
29498
29496
29493
29492
29492
29488
29484
29482
29476
29475
29473
29466
29463
29463
29462
29458
29447
29446
29445
29445
29445
29436
29434
29427
29422
29420
29416
29413
29413
29410
29398
29395
29393
29389
29376
29365
29352
29347
29347
29343
29340
29340
29338
29333
29308
29300
29298
29295
29291
29286
29286
29285
29283
29274
29271
29266
29264
29253
29247
29240
29231
29230
29229
29221
29212
29211
29211
29211
29204
29201
29200
29197
29192
29188
29188
29187
29184
29184
29174
29172
29169
29167
29162
29157
29157
29157
29151
29148
29147
29146
29130
29130
29121
29118
29114
29113
29108
29103
29102
29100
29096
29085
29083
29080
29080
29079
29070
29063
29061
29059
29057
29052
29052
29051
29047
29045
29037
29033
29029
29027
29021
29010
29008
29007
28978
28970
28969
28967
28952
28949
28934
28930
28917
28910
28909
28903
28903
28901
28887
28880
28880
28876
28872
28872
28869
28847
28847
28841
28839
28832
28831
28829
28823
28809
28804
28794
28791
28788
28786
28786
28782
28780
28764
28758
28746
28746
28746
28743
28742
28729
28722
28722
28721
28720
28716
28714
28714
28714
28712
28712
28709
28707
28707
28707
28705
28701
28696
28689
28689
28683
28681
28663
28661
28661
28659
28646
28641
28631
28630
28630
28626
28623
28623
28618
28612
28611
28609
28596
28591
28591
28588
28585
28574
28572
28572
28569
28569
28567
28556
28553
28550
28547
28535
28522
28514
28514
28511
28511
28510
28507
28503
28497
28493
28492
28490
28484
28482
28477
28475
28459
28456
28444
28434
28432
28430
28416
28413
28412
28411
28405
28405
28400
28395
28394
28391
28387
28385
28380
28377
28358
28350
28349
28347
28339
28330
28327
28319
28312
28304
28303
28301
28287
28283
28278
28277
28276
28275
28274
28272
28271
28270
28270
28260
28256
28255
28249
28249
28242
28238
28234
28225
28224
28213
28213
28213
28209
28206
28206
28205
28203
28202
28193
28192
28189
28184
28173
28169
28167
28164
28164
28163
28162
28161
28158
28157
28157
28153
28151
28147
28145
28145
28143
28143
28140
28134
28131
28129
28127
28124
28123
28123
28119
28110
28110
28109
28106
28103
28099
28097
28095
28090
28088
28088
28083
28082
28069
28060
28059
28054
28052
28051
28034
28030
28029
28025
28024
28023
28022
28021
28020
28007
27998
27993
27992
27991
27982
27980
27979
27974
27969
27966
27961
27955
27944
27936
27925
27924
27922
27922
27921
27916
27915
27915
27911
27907
27907
27904
27902
27901
27901
27897
27892
27887
27875
27874
27869
27868
27861
27857
27853
27850
27847
27844
27841
27840
27837
27834
27832
27823
27822
27820
27817
27793
27792
27769
27767
27767
27765
27745
27745
27737
27735
27729
27728
27714
27713
27707
27705
27700
27698
27693
27691
27687
27685
27673
27666
27662
27662
27662
27653
27646
27644
27638
27624
27619
27618
27615
27612
27610
27601
27596
27594
27587
27586
27571
27561
27551
27547
27546
27545
27539
27537
27535
27535
27533
27529
27524
27523
27512
27511
27501
27494
27493
27492
27487
27484
27481
27477
27476
27473
27470
27469
27466
27463
27463
27459
27457
27454
27450
27450
27449
27449
27445
27436
27428
27426
27415
27407
27404
27399
27397
27383
27381
27379
27378
27370
27370
27367
27362
27361
27351
27350
27346
27331
27327
27327
27316
27309
27302
27302
27300
27297
27291
27290
27287
27280
27272
27258
27257
27254
27246
27242
27238
27232
27230
27225
27221
27219
27214
27212
27211
27210
27203
27202
27200
27200
27198
27197
27195
27195
27192
27191
27189
27188
27177
27165
27164
27162
27158
27157
27152
27149
27138
27134
27115
27112
27100
27097
27094
27090
27087
27086
27084
27074
27069
27067
27064
27055
27055
27046
27042
27038
27027
27025
27018
27017
27016
27003
27000
26999
26992
26970
26955
26954
26952
26947
26945
26928
26916
26910
26900
26886
26878
26875
26852
26849
26841
26838
26832
26829
26828
26826
26819
26819
26819
26813
26809
26807
26798
26797
26796
26792
26785
26783
26774
26772
26770
26768
26762
26761
26759
26757
26746
26730
26720
26719
26719
26716
26716
26714
26713
26708
26702
26696
26686
26684
26675
26672
26669
26655
26642
26635
26628
26628
26626
26618
26611
26604
26602
26602
26598
26598
26596
26581
26572
26572
26567
26565
26557
26557
26528
26523
26523
26515
26507
26504
26504
26500
26491
26489
26487
26486
26485
26483
26479
26477
26477
26474
26457
26449
26448
26448
26446
26413
26408
26405
26403
26396
26390
26390
26381
26376
26374
26366
26359
26358
26352
26349
26342
26337
26333
26330
26330
26327
26318
26317
26313
26311
26295
26288
26284
26279
26275
26270
26267
26266
26265
26262
26261
26257
26257
26256
26253
26252
26252
26242
26242
26238
26238
26238
26235
26232
26231
26228
26228
26225
26220
26219
26218
26217
26203
26201
26199
26199
26195
26181
26178
26173
26170
26170
26169
26163
26152
26131
26126
26121
26120
26113
26112
26112
26109
26105
26102
26098
26097
26095
26093
26089
26089
26084
26083
26078
26077
26076
26073
26065
26065
26065
26049
26040
26036
26032
26032
26021
26017
26015
26010
26000
26000
25998
25998
25996
25990
25988
25987
25985
25972
25969
25967
25965
25965
25961
25956
25955
25952
25946
25943
25943
25936
25932
25930
25928
25925
25924
25923
25921
25908
25907
25902
25887
25873
25870
25868
25867
25864
25861
25860
25832
25829
25825
25817
25817
25814
25807
25806
25802
25801
25788
25785
25774
25774
25773
25773
25771
25768
25764
25764
25760
25759
25752
25745
25744
25743
25741
25733
25732
25731
25731
25730
25724
25723
25720
25712
25708
25705
25698
25695
25689
25683
25679
25676
25674
25667
25656
25655
25646
25643
25636
25635
25628
25617
25611
25603
25593
25565
25564
25559
25555
25554
25554
25550
25548
25548
25547
25546
25527
25518
25506
25502
25495
25491
25484
25483
25481
25477
25474
25474
25472
25472
25472
25468
25463
25453
25452
25451
25448
25445
25442
25435
25432
25428
25417
25391
25390
25388
25384
25378
25371
25367
25361
25357
25353
25341
25339
25323
25319
25307
25295
25291
25287
25284
25282
25279
25279
25273
25266
25264
25264
25261
25261
25259
25257
25256
25256
25253
25253
25247
25235
25230
25228
25223
25205
25205
25201
25200
25200
25191
25187
25183
25180
25179
25178
25172
25165
25163
25160
25157
25148
25131
25128
25121
25121
25119
25119
25112
25106
25093
25088
25081
25077
25076
25069
25064
25061
25060
25059
25050
25048
25048
25047
25047
25042
25042
25041
25023
25020
25006
25005
24980
24976
24972
24962
24957
24954
24953
24952
24945
24933
24931
24931
24930
24929
24927
24925
24925
24922
24920
24920
24917
24908
24896
24891
24890
24890
24888
24886
24884
24871
24871
24861
24858
24854
24854
24850
24849
24832
24823
24822
24819
24818
24816
24816
24816
24808
24807
24806
24799
24788
24777
24774
24764
24751
24750
24749
24748
24745
24744
24741
24738
24734
24732
24731
24726
24723
24713
24707
24706
24700
24697
24695
24695
24695
24695
24693
24691
24687
24680
24674
24664
24654
24647
24646
24646
24644
24639
24637
24633
24626
24614
24611
24609
24608
24597
24597
24596
24593
24586
24585
24579
24576
24560
24553
24549
24535
24534
24533
24530
24527
24525
24522
24522
24522
24522
24513
24512
24510
24509
24508
24503
24499
24493
24481
24475
24473
24470
24469
24467
24460
24460
24457
24446
24446
24446
24445
24444
24435
24435
24435
24429
24419
24419
24418
24418
24412
24411
24405
24402
24400
24394
24394
24386
24385
24382
24381
24378
24378
24375
24374
24365
24365
24365
24359
24337
24330
24325
24324
24320
24316
24316
24314
24280
24269
24266
24264
24258
24252
24249
24241
24241
24241
24232
24227
24224
24224
24224
24222
24221
24220
24211
24208
24207
24201
24196
24195
24188
24178
24176
24175
24172
24171
24169
24165
24162
24159
24157
24146
24145
24140
24138
24138
24137
24123
24118
24117
24113
24110
24108
24091
24090
24087
24084
24080
24078
24077
24074
24073
24072
24059
24058
24055
24040
24039
24034
24028
24025
24023
24009
24007
24005
24002
23994
23994
23988
23988
23985
23982
23980
23975
23973
23973
23972
23964
23960
23952
23947
23946
23943
23943
23940
23940
23937
23935
23929
23923
23914
23913
23913
23909
23906
23905
23901
23901
23901
23897
23897
23896
23895
23892
23885
23882
23868
23866
23863
23855
23843
23841
23839
23839
23838
23837
23834
23827
23816
23815
23806
23799
23795
23793
23789
23787
23779
23778
23777
23771
23767
23766
23766
23763
23759
23746
23743
23741
23740
23739
23732
23728
23724
23721
23716
23714
23711
23708
23707
23703
23694
23691
23684
23684
23682
23680
23670
23669
23658
23657
23656
23648
23645
23645
23641
23640
23634
23631
23626
23625
23617
23612
23608
23607
23604
23594
23592
23591
23588
23586
23584
23584
23583
23581
23568
23566
23560
23553
23553
23549
23545
23535
23535
23534
23534
23532
23532
23531
23529
23528
23528
23525
23523
23516
23511
23504
23492
23489
23487
23482
23477
23475
23474
23473
23472
23471
23469
23455
23454
23443
23440
23426
23417
23412
23409
23407
23403
23395
23384
23380
23377
23365
23364
23361
23357
23356
23354
23354
23349
23348
23339
23339
23336
23317
23311
23305
23301
23297
23295
23283
23281
23280
23271
23267
23265
23254
23253
23250
23239
23236
23233
23230
23223
23218
23213
23212
23208
23204
23201
23199
23199
23199
23196
23193
23192
23178
23172
23171
23167
23165
23158
23156
23151
23138
23136
23131
23127
23126
23126
23126
23122
23116
23105
23097
23097
23093
23090
23088
23079
23076
23073
23069
23069
23069
23054
23053
23049
23047
23041
23036
23035
23030
23029
23025
23019
23012
23006
23000
23000
22996
22994
22987
22984
22984
22983
22979
22968
22966
22966
22960
22960
22958
22953
22950
22941
22933
22930
22916
22916
22914
22912
22908
22906
22902
22900
22899
22894
22892
22886
22885
22883
22876
22867
22862
22856
22854
22854
22853
22851
22843
22841
22841
22838
22823
22823
22823
22814
22809
22802
22796
22796
22789
22788
22780
22774
22764
22759
22755
22748
22745
22743
22726
22725
22722
22715
22715
22710
22709
22708
22707
22702
22681
22679
22671
22666
22659
22652
22646
22646
22617
22614
22612
22612
22612
22606
22602
22600
22600
22591
22591
22590
22588
22585
22584
22582
22578
22577
22576
22575
22567
22565
22561
22558
22549
22547
22543
22540
22535
22532
22531
22527
22520
22520
22517
22517
22505
22504
22497
22496
22486
22483
22479
22474
22469
22467
22466
22456
22454
22451
22450
22447
22447
22438
22435
22430
22429
22426
22422
22413
22411
22404
22401
22394
22390
22374
22370
22365
22359
22349
22349
22345
22340
22336
22335
22329
22327
22318
22317
22316
22306
22303
22302
22292
22291
22274
22271
22271
22271
22263
22263
22261
22256
22248
22247
22245
22241
22236
22230
22220
22219
22219
22214
22213
22209
22209
22207
22207
22207
22198
22194
22190
22179
22178
22177
22164
22159
22155
22154
22150
22149
22146
22143
22127
22124
22121
22115
22113
22110
22105
22102
22102
22100
22100
22097
22095
22091
22084
22079
22077
22073
22072
22069
22062
22059
22054
22052
22048
22048
22046
22045
22039
22037
22036
22036
22033
22031
22021
22016
22012
22012
22010
22009
22004
22003
22002
22002
21993
21992
21990
21983
21982
21980
21975
21971
21969
21966
21961
21958
21955
21952
21948
21948
21946
21946
21939
21938
21933
21932
21932
21929
21926
21925
21923
21912
21904
21897
21896
21890
21885
21880
21863
21857
21856
21852
21848
21837
21831
21828
21827
21825
21809
21809
21798
21793
21784
21774
21767
21765
21762
21760
21758
21753
21749
21747
21745
21742
21741
21729
21725
21724
21723
21722
21717
21712
21712
21711
21698
21698
21684
21682
21674
21672
21670
21666
21664
21660
21655
21652
21650
21645
21645
21642
21642
21639
21630
21630
21626
21607
21607
21600
21595
21581
21568
21557
21551
21545
21542
21541
21528
21523
21519
21511
21509
21505
21502
21496
21494
21487
21485
21483
21482
21480
21477
21471
21469
21460
21458
21458
21454
21454
21450
21432
21431
21416
21414
21414
21413
21411
21409
21397
21392
21388
21388
21382
21378
21374
21373
21373
21368
21353
21352
21350
21347
21346
21346
21345
21343
21341
21333
21329
21329
21325
21323
21321
21313
21310
21309
21304
21302
21296
21295
21291
21288
21283
21280
21276
21272
21271
21270
21269
21260
21260
21256
21253
21251
21246
21244
21232
21231
21222
21220
21214
21212
21210
21209
21207
21202
21202
21189
21187
21181
21179
21172
21171
21159
21150
21121
21119
21115
21102
21101
21092
21091
21089
21088
21087
21085
21085
21083
21076
21074
21071
21068
21068
21065
21061
21060
21059
21051
21045
21038
21037
21036
21022
20982
20980
20980
20979
20970
20966
20963
20961
20958
20953
20952
20946
20933
20930
20925
20924
20922
20921
20920
20914
20909
20901
20901
20899
20898
20893
20893
20893
20886
20882
20880
20875
20875
20873
20867
20862
20856
20851
20849
20847
20843
20842
20842
20833
20831
20830
20829
20828
20824
20817
20816
20816
20790
20780
20780
20779
20777
20777
20774
20762
20762
20757
20755
20754
20754
20741
20737
20734
20730
20729
20729
20720
20711
20710
20705
20704
20700
20699
20698
20693
20693
20687
20682
20681
20679
20679
20664
20651
20650
20622
20621
20619
20611
20609
20606
20604
20602
20602
20588
20588
20579
20565
20564
20563
20563
20555
20550
20547
20538
20537
20534
20528
20523
20521
20513
20504
20501
20501
20495
20491
20476
20470
20460
20457
20455
20451
20449
20448
20441
20435
20433
20430
20424
20418
20412
20412
20408
20405
20400
20384
20383
20380
20378
20373
20370
20368
20365
20365
20365
20364
20363
20359
20355
20355
20354
20353
20351
20348
20348
20342
20336
20319
20315
20312
20311
20310
20307
20296
20293
20293
20288
20285
20284
20282
20279
20275
20268
20267
20265
20265
20254
20252
20252
20246
20240
20238
20238
20223
20220
20218
20211
20211
20205
20200
20194
20187
20184
20181
20173
20169
20169
20161
20158
20157
20155
20140
20136
20126
20124
20110
20102
20099
20093
20093
20092
20087
20075
20074
20071
20071
20070
20065
20062
20057
20055
20052
20050
20043
20031
20027
20025
20019
20015
20013
20011
20005
20002
19995
19994
19990
19983
19977
19974
19972
19969
19969
19964
19962
19943
19927
19925
19924
19910
19910
19909
19905
19902
19899
19899
19898
19895
19894
19880
19879
19873
19871
19870
19870
19870
19867
19866
19865
19861
19858
19855
19852
19851
19849
19846
19842
19837
19832
19827
19821
19813
19777
19775
19768
19767
19767
19763
19762
19756
19755
19751
19750
19734
19733
19722
19716
19716
19707
19697
19694
19692
19689
19687
19687
19683
19683
19681
19674
19673
19672
19670
19666
19661
19658
19657
19657
19656
19655
19651
19651
19642
19639
19638
19636
19631
19624
19609
19608
19604
19602
19599
19598
19591
19587
19582
19577
19576
19575
19572
19569
19557
19556
19550
19547
19542
19536
19532
19530
19528
19525
19519
19515
19511
19511
19507
19505
19497
19495
19494
19491
19488
19486
19468
19464
19458
19450
19445
19445
19445
19443
19438
19434
19434
19431
19430
19428
19421
19412
19411
19409
19398
19390
19390
19384
19378
19372
19369
19368
19358
19355
19352
19347
19343
19336
19336
19334
19333
19331
19328
19324
19323
19318
19317
19310
19305
19304
19302
19300
19297
19292
19291
19283
19283
19282
19271
19270
19261
19261
19258
19250
19248
19244
19236
19234
19233
19230
19221
19219
19219
19217
19216
19216
19215
19210
19209
19204
19203
19202
19198
19197
19195
19194
19193
19186
19181
19180
19173
19173
19169
19168
19167
19165
19161
19158
19139
19138
19131
19122
19120
19120
19119
19118
19104
19102
19101
19101
19095
19087
19082
19082
19079
19075
19068
19066
19064
19055
19049
19039
19039
19038
19032
19028
19015
19008
18991
18989
18988
18987
18979
18979
18969
18969
18960
18955
18946
18939
18938
18935
18923
18922
18922
18916
18915
18914
18914
18911
18911
18908
18903
18902
18900
18897
18883
18882
18880
18873
18871
18871
18865
18859
18858
18857
18842
18833
18833
18816
18811
18811
18807
18786
18771
18767
18763
18763
18756
18750
18745
18741
18741
18738
18737
18735
18722
18720
18715
18713
18713
18710
18708
18700
18699
18697
18696
18694
18683
18682
18682
18681
18677
18671
18671
18670
18659
18655
18654
18644
18643
18642
18640
18627
18619
18616
18613
18613
18612
18608
18603
18592
18590
18587
18580
18579
18574
18570
18569
18558
18557
18534
18532
18529
18518
18513
18510
18510
18510
18506
18501
18495
18494
18488
18483
18477
18470
18460
18450
18441
18438
18425
18422
18420
18416
18409
18408
18405
18404
18404
18374
18373
18372
18371
18367
18365
18360
18359
18352
18348
18324
18321
18309
18305
18297
18277
18272
18267
18264
18257
18245
18236
18233
18231
18226
18220
18220
18216
18210
18206
18203
18196
18194
18186
18186
18184
18181
18181
18179
18179
18169
18168
18162
18156
18156
18155
18152
18138
18137
18133
18130
18129
18129
18127
18119
18103
18103
18082
18074
18071
18067
18065
18065
18064
18060
18050
18050
18046
18044
18041
18038
18036
18029
18028
18027
18019
18015
18013
18011
18007
17996
17986
17983
17981
17977
17969
17963
17961
17960
17959
17956
17956
17952
17948
17947
17945
17941
17941
17933
17931
17930
17922
17918
17909
17908
17902
17901
17886
17883
17866
17865
17855
17853
17840
17838
17837
17835
17833
17831
17829
17827
17827
17823
17821
17814
17811
17810
17807
17798
17793
17782
17780
17773
17768
17763
17763
17761
17760
17758
17758
17749
17746
17743
17724
17723
17718
17716
17716
17716
17713
17709
17705
17703
17701
17697
17690
17688
17688
17683
17682
17671
17662
17658
17657
17650
17649
17639
17634
17629
17621
17619
17615
17606
17589
17584
17583
17577
17572
17572
17572
17554
17551
17551
17549
17542
17536
17530
17527
17523
17520
17508
17495
17495
17494
17481
17475
17472
17467
17466
17463
17453
17450
17440
17437
17432
17428
17427
17424
17420
17419
17405
17404
17404
17390
17388
17384
17370
17367
17365
17365
17360
17357
17356
17356
17352
17347
17335
17335
17327
17325
17324
17323
17309
17308
17307
17306
17305
17304
17299
17299
17288
17280
17277
17276
17272
17268
17267
17266
17261
17258
17253
17244
17242
17239
17237
17237
17234
17229
17228
17226
17225
17221
17218
17205
17202
17198
17196
17195
17190
17181
17180
17180
17173
17170
17159
17151
17150
17149
17145
17136
17136
17123
17119
17115
17113
17112
17086
17083
17079
17075
17073
17068
17065
17060
17057
17057
17047
17047
17039
17038
17036
17036
17023
17011
17001
16992
16986
16986
16983
16979
16956
16954
16953
16944
16942
16939
16934
16934
16926
16920
16917
16913
16913
16908
16906
16904
16894
16891
16864
16861
16852
16849
16848
16844
16843
16839
16838
16830
16829
16826
16825
16808
16803
16799
16797
16795
16794
16793
16791
16786
16785
16785
16775
16770
16768
16765
16765
16764
16763
16758
16756
16755
16754
16753
16751
16741
16731
16726
16718
16718
16710
16705
16702
16702
16698
16698
16693
16688
16687
16682
16668
16668
16665
16664
16658
16641
16620
16618
16614
16610
16610
16590
16588
16577
16570
16568
16566
16565
16564
16558
16557
16556
16555
16552
16546
16530
16529
16523
16517
16511
16510
16507
16502
16501
16493
16492
16491
16483
16481
16477
16477
16464
16457
16456
16452
16452
16452
16441
16435
16428
16425
16422
16418
16415
16410
16410
16407
16406
16405
16396
16392
16390
16384
16382
16382
16376
16371
16368
16355
16353
16346
16345
16342
16336
16332
16327
16325
16319
16314
16312
16311
16301
16301
16300
16288
16288
16285
16279
16277
16268
16267
16247
16244
16240
16230
16229
16227
16221
16219
16218
16206
16199
16199
16191
16187
16186
16180
16175
16175
16167
16165
16164
16144
16143
16140
16139
16131
16121
16118
16113
16112
16111
16109
16104
16097
16097
16096
16092
16089
16087
16085
16083
16082
16077
16071
16069
16067
16066
16059
16054
16053
16046
16035
16032
16030
16029
16025
16025
16023
16023
16009
16008
16007
16007
16005
16005
16003
15994
15989
15982
15979
15978
15974
15973
15973
15971
15956
15953
15949
15942
15942
15932
15930
15927
15924
15914
15914
15911
15902
15899
15897
15895
15893
15893
15890
15890
15882
15880
15868
15864
15864
15863
15861
15859
15844
15840
15839
15836
15828
15828
15827
15825
15823
15804
15803
15802
15802
15798
15796
15792
15780
15776
15774
15770
15765
15765
15763
15761
15758
15758
15756
15749
15747
15747
15738
15730
15728
15724
15714
15703
15689
15685
15684
15677
15665
15665
15663
15660
15648
15644
15644
15642
15640
15640
15630
15599
15589
15589
15586
15584
15577
15573
15570
15563
15548
15546
15535
15533
15531
15524
15523
15515
15515
15508
15505
15500
15495
15490
15486
15476
15468
15465
15463
15461
15449
15449
15448
15448
15448
15444
15443
15442
15439
15435
15430
15424
15422
15414
15408
15406
15403
15398
15397
15395
15389
15387
15383
15382
15373
15369
15356
15356
15356
15355
15345
15333
15321
15320
15320
15316
15314
15311
15308
15304
15300
15298
15298
15290
15286
15285
15281
15266
15266
15263
15255
15255
15254
15248
15224
15210
15209
15205
15195
15194
15191
15188
15183
15181
15180
15175
15175
15172
15158
15151
15143
15140
15137
15135
15130
15129
15129
15128
15124
15106
15100
15092
15091
15090
15076
15074
15067
15063
15058
15054
15054
15039
15037
15032
15024
15023
15021
15008
15000
14998
14996
14992
14991
14989
14987
14984
14980
14979
14979
14978
14978
14977
14972
14966
14966
14964
14961
14960
14956
14956
14935
14935
14930
14927
14915
14910
14910
14904
14896
14896
14892
14891
14887
14870
14867
14858
14858
14856
14848
14845
14843
14843
14843
14826
14826
14822
14816
14806
14803
14800
14799
14798
14798
14796
14790
14785
14783
14775
14775
14773
14769
14766
14763
14756
14755
14745
14741
14741
14732
14730
14730
14720
14713
14709
14704
14699
14698
14697
14696
14695
14693
14685
14685
14681
14677
14674
14660
14659
14653
14648
14647
14647
14645
14635
14628
14626
14624
14621
14620
14614
14612
14606
14605
14603
14603
14601
14601
14595
14579
14578
14577
14573
14567
14565
14564
14563
14555
14550
14549
14548
14537
14537
14526
14522
14517
14514
14514
14507
14497
14491
14485
14482
14479
14472
14468
14463
14456
14446
14441
14439
14438
14434
14433
14428
14428
14427
14426
14420
14419
14417
14417
14412
14398
14390
14382
14375
14374
14366
14339
14330
14328
14323
14323
14317
14312
14307
14304
14304
14300
14294
14294
14283
14279
14269
14269
14267
14264
14250
14250
14247
14244
14244
14242
14239
14230
14228
14223
14217
14217
14214
14210
14210
14203
14202
14198
14192
14187
14184
14182
14169
14167
14166
14159
14151
14149
14146
14141
14139
14131
14124
14124
14116
14106
14105
14101
14101
14098
14093
14090
14088
14082
14080
14079
14061
14058
14056
14054
14049
14048
14045
14044
14039
14037
14027
14017
14016
14009
14003
13999
13994
13993
13993
13987
13986
13978
13975
13973
13969
13966
13960
13960
13959
13944
13939
13937
13933
13931
13927
13917
13913
13912
13906
13897
13888
13883
13880
13880
13873
13872
13865
13863
13857
13856
13846
13838
13834
13833
13826
13823
13821
13819
13819
13818
13818
13812
13803
13797
13796
13795
13792
13779
13767
13765
13760
13757
13756
13755
13751
13744
13742
13736
13722
13721
13703
13703
13701
13698
13691
13686
13686
13685
13682
13679
13664
13659
13654
13644
13631
13627
13616
13615
13613
13612
13612
13602
13594
13592
13587
13582
13578
13576
13569
13560
13557
13554
13548
13545
13542
13540
13535
13535
13535
13531
13525
13523
13522
13521
13520
13517
13516
13508
13501
13498
13497
13496
13494
13477
13475
13475
13461
13457
13453
13450
13450
13449
13448
13448
13445
13441
13439
13435
13432
13423
13421
13416
13414
13414
13403
13403
13402
13394
13383
13382
13376
13368
13357
13356
13353
13344
13336
13334
13329
13328
13325
13325
13324
13322
13320
13312
13306
13297
13297
13294
13293
13292
13291
13287
13285
13277
13276
13275
13262
13257
13254
13254
13248
13243
13242
13239
13239
13235
13227
13225
13217
13215
13212
13210
13206
13202
13198
13196
13196
13195
13184
13181
13180
13179
13171
13170
13169
13162
13158
13158
13151
13144
13140
13138
13134
13130
13129
13123
13113
13110
13110
13110
13079
13078
13071
13066
13059
13051
13046
13035
13032
13029
13022
13011
13010
13008
12992
12978
12976
12972
12960
12956
12955
12950
12947
12940
12939
12939
12929
12927
12926
12924
12921
12919
12918
12917
12909
12903
12898
12889
12887
12886
12869
12867
12867
12866
12862
12860
12858
12852
12851
12851
12849
12849
12832
12827
12825
12820
12818
12816
12814
12811
12811
12810
12807
12807
12800
12799
12785
12766
12763
12760
12759
12759
12747
12744
12741
12740
12734
12727
12705
12702
12699
12684
12682
12679
12665
12661
12660
12651
12650
12639
12637
12635
12626
12625
12623
12620
12618
12608
12603
12577
12576
12573
12571
12562
12562
12561
12554
12550
12546
12544
12543
12538
12535
12532
12532
12526
12516
12514
12513
12505
12500
12499
12496
12494
12493
12490
12487
12482
12480
12470
12468
12464
12460
12456
12451
12446
12441
12439
12439
12438
12437
12432
12430
12423
12420
12419
12415
12401
12387
12387
12384
12379
12377
12376
12364
12363
12362
12357
12357
12349
12343
12337
12324
12314
12307
12307
12296
12287
12286
12285
12283
12283
12282
12278
12263
12251
12245
12241
12232
12212
12210
12210
12209
12208
12207
12206
12200
12190
12190
12186
12184
12172
12172
12171
12167
12164
12162
12162
12159
12154
12154
12147
12137
12133
12132
12132
12131
12131
12128
12127
12118
12113
12111
12110
12102
12086
12084
12075
12074
12068
12050
12047
12042
12035
12035
12029
12027
12026
12020
12018
12017
12015
12014
12014
12012
12011
12003
11990
11981
11966
11964
11959
11946
11940
11940
11937
11936
11932
11929
11926
11910
11900
11897
11893
11892
11877
11877
11866
11865
11861
11849
11848
11843
11837
11835
11835
11833
11827
11819
11818
11814
11797
11793
11789
11785
11783
11782
11766
11759
11753
11750
11748
11745
11730
11727
11724
11721
11715
11701
11700
11690
11688
11678
11677
11673
11668
11666
11662
11661
11654
11644
11642
11641
11639
11638
11625
11616
11605
11602
11588
11576
11573
11570
11570
11569
11553
11548
11546
11541
11541
11532
11527
11522
11519
11510
11503
11500
11497
11490
11482
11467
11461
11461
11460
11459
11459
11457
11454
11449
11445
11439
11434
11432
11427
11422
11418
11417
11412
11407
11406
11398
11389
11375
11372
11371
11362
11360
11359
11350
11347
11347
11346
11344
11339
11330
11328
11325
11324
11323
11320
11315
11308
11292
11277
11276
11262
11255
11253
11251
11242
11236
11234
11228
11221
11218
11211
11209
11205
11196
11192
11188
11186
11182
11180
11175
11165
11152
11137
11134
11131
11131
11125
11124
11119
11119
11119
11117
11115
11111
11104
11100
11100
11099
11074
11067
11067
11064
11060
11045
11042
11040
11035
11022
11019
11014
11010
11002
10999
10999
10997
10994
10993
10990
10984
10980
10977
10968
10963
10958
10956
10951
10950
10948
10945
10943
10942
10937
10937
10930
10924
10922
10918
10916
10913
10912
10909
10897
10897
10894
10889
10884
10879
10876
10875
10874
10871
10863
10854
10850
10845
10843
10838
10832
10829
10827
10826
10825
10821
10819
10810
10809
10808
10807
10802
10801
10797
10792
10779
10774
10771
10771
10768
10765
10762
10757
10754
10746
10723
10716
10699
10697
10695
10691
10691
10689
10689
10683
10674
10646
10635
10631
10629
10627
10618
10614
10612
10607
10603
10599
10595
10591
10589
10588
10587
10580
10577
10571
10565
10552
10551
10546
10546
10543
10541
10535
10528
10516
10504
10504
10504
10501
10492
10486
10483
10480
10479
10472
10472
10469
10467
10462
10460
10449
10441
10439
10438
10435
10432
10416
10414
10408
10408
10408
10402
10400
10389
10366
10361
10360
10360
10357
10353
10350
10350
10341
10337
10332
10311
10309
10304
10304
10288
10287
10285
10281
10277
10275
10275
10271
10267
10262
10258
10255
10255
10255
10251
10250
10247
10245
10243
10243
10238
10234
10233
10229
10213
10206
10204
10204
10202
10201
10195
10193
10193
10187
10183
10179
10174
10161
10154
10151
10145
10141
10141
10140
10136
10132
10124
10122
10119
10118
10113
10109
10109
10106
10106
10103
10099
10096
10094
10093
10092
10081
10081
10080
10075
10073
10072
10067
10067
10057
10056
10050
10049
10048
10047
10032
10032
10032
10031
10015
10012
10006
10000
9999
9998
9993
9985
9985
9979
9979
9978
9963
9962
9962
9948
9944
9943
9936
9935
9916
9910
9904
9899
9897
9897
9893
9893
9893
9890
9883
9882
9877
9877
9864
9859
9855
9855
9848
9848
9848
9841
9840
9826
9825
9825
9824
9819
9815
9808
9806
9798
9793
9790
9785
9780
9777
9774
9765
9761
9754
9750
9739
9724
9720
9720
9714
9713
9710
9708
9707
9707
9698
9683
9682
9679
9676
9674
9673
9671
9667
9660
9659
9657
9654
9651
9649
9649
9647
9647
9646
9644
9642
9636
9627
9620
9616
9614
9604
9602
9589
9585
9575
9569
9566
9565
9562
9555
9548
9546
9544
9541
9541
9538
9537
9537
9536
9531
9522
9516
9513
9504
9502
9501
9489
9486
9484
9468
9464
9459
9458
9454
9446
9441
9435
9434
9433
9431
9425
9414
9405
9403
9397
9390
9383
9382
9381
9372
9370
9366
9366
9362
9362
9360
9358
9356
9355
9355
9353
9352
9348
9347
9341
9334
9333
9333
9333
9331
9327
9322
9322
9315
9306
9301
9291
9288
9284
9283
9281
9277
9277
9271
9267
9255
9253
9251
9244
9233
9231
9228
9226
9224
9223
9222
9217
9211
9207
9204
9203
9202
9200
9192
9187
9171
9169
9166
9165
9163
9162
9160
9159
9153
9153
9147
9146
9139
9138
9135
9134
9132
9120
9114
9107
9105
9102
9101
9101
9092
9089
9076
9075
9074
9067
9057
9055
9055
9053
9050
9046
9042
9041
9038
9038
9030
9024
9016
9016
9013
9009
9007
8999
8994
8991
8973
8969
8963
8959
8959
8953
8949
8931
8930
8927
8926
8923
8911
8890
8886
8886
8885
8876
8875
8868
8855
8847
8845
8842
8842
8832
8830
8811
8805
8802
8783
8779
8779
8773
8772
8757
8755
8748
8746
8746
8742
8741
8741
8737
8734
8731
8724
8716
8711
8704
8682
8679
8679
8676
8672
8670
8669
8661
8649
8645
8642
8642
8640
8633
8621
8620
8616
8610
8595
8593
8581
8568
8560
8560
8556
8550
8541
8540
8532
8531
8528
8526
8526
8522
8521
8518
8507
8495
8493
8487
8481
8470
8470
8469
8468
8466
8464
8461
8451
8447
8438
8435
8427
8420
8416
8401
8401
8399
8398
8393
8390
8388
8387
8377
8375
8369
8360
8353
8347
8343
8335
8333
8332
8330
8329
8325
8324
8313
8309
8305
8299
8293
8287
8277
8273
8269
8260
8259
8258
8253
8252
8250
8244
8243
8238
8233
8226
8225
8221
8221
8220
8211
8206
8200
8196
8193
8191
8177
8176
8173
8165
8163
8161
8157
8156
8156
8153
8148
8146
8145
8145
8139
8137
8137
8137
8137
8136
8127
8127
8124
8112
8098
8094
8077
8077
8072
8068
8066
8063
8059
8057
8057
8056
8051
8049
8048
8047
8036
8035
8032
8032
8029
8027
8025
8022
8010
8009
8008
8004
8004
8001
7987
7986
7982
7982
7980
7979
7976
7974
7961
7961
7951
7950
7950
7948
7941
7939
7936
7931
7928
7926
7922
7921
7920
7915
7913
7901
7888
7881
7881
7872
7865
7864
7860
7859
7859
7854
7845
7836
7832
7829
7827
7826
7821
7818
7817
7813
7813
7812
7809
7805
7802
7795
7795
7792
7778
7777
7769
7767
7765
7752
7748
7746
7746
7740
7737
7730
7723
7722
7721
7721
7714
7713
7695
7683
7676
7673
7663
7654
7635
7632
7628
7628
7625
7623
7622
7619
7618
7614
7613
7608
7600
7599
7598
7596
7594
7589
7578
7576
7576
7573
7568
7564
7557
7555
7555
7554
7553
7545
7534
7533
7531
7515
7515
7510
7508
7495
7491
7491
7490
7485
7476
7474
7473
7467
7463
7458
7453
7442
7439
7436
7431
7427
7420
7418
7418
7415
7408
7399
7391
7374
7374
7365
7363
7360
7352
7352
7350
7337
7337
7329
7327
7325
7321
7320
7318
7309
7304
7304
7301
7295
7285
7282
7274
7273
7270
7261
7244
7233
7225
7212
7207
7204
7202
7201
7197
7184
7180
7178
7178
7178
7176
7163
7162
7157
7155
7152
7145
7134
7131
7128
7126
7125
7122
7121
7121
7120
7120
7116
7115
7110
7108
7104
7104
7103
7101
7099
7098
7095
7093
7089
7088
7074
7071
7071
7069
7069
7068
7067
7064
7064
7060
7060
7047
7043
7034
7034
7031
7028
7013
7012
7009
7008
7003
7000
7000
6996
6993
6990
6989
6982
6979
6977
6964
6964
6963
6957
6956
6955
6952
6948
6945
6918
6917
6916
6912
6895
6890
6886
6885
6879
6878
6877
6875
6873
6872
6861
6855
6853
6849
6849
6849
6846
6839
6836
6821
6819
6818
6816
6806
6806
6801
6800
6800
6796
6792
6792
6791
6778
6777
6767
6760
6758
6747
6746
6745
6743
6738
6737
6725
6724
6722
6721
6719
6716
6711
6710
6707
6705
6698
6698
6690
6690
6687
6668
6666
6665
6662
6660
6658
6653
6649
6648
6625
6621
6607
6604
6602
6599
6591
6587
6586
6581
6578
6570
6568
6566
6559
6552
6545
6534
6531
6522
6519
6511
6504
6500
6497
6491
6487
6486
6479
6477
6472
6470
6470
6461
6454
6450
6444
6443
6441
6437
6433
6422
6419
6408
6408
6406
6405
6399
6396
6391
6391
6386
6384
6379
6376
6375
6370
6364
6363
6356
6356
6351
6347
6344
6336
6336
6328
6327
6326
6324
6319
6316
6310
6304
6299
6298
6289
6288
6285
6281
6268
6265
6262
6259
6244
6240
6236
6233
6224
6223
6206
6200
6192
6180
6177
6174
6172
6170
6169
6164
6161
6155
6151
6150
6147
6143
6141
6139
6139
6136
6134
6132
6128
6121
6117
6111
6111
6101
6098
6098
6092
6090
6080
6064
6063
6063
6059
6053
6046
6040
6034
6033
6026
6024
6020
6018
6010
6007
6007
5994
5989
5987
5984
5978
5975
5973
5973
5963
5957
5947
5947
5946
5945
5938
5935
5929
5923
5921
5912
5904
5903
5903
5902
5893
5892
5887
5886
5875
5872
5868
5857
5856
5852
5852
5844
5843
5832
5817
5810
5803
5797
5796
5796
5789
5778
5775
5773
5773
5764
5752
5751
5749
5741
5732
5731
5721
5721
5720
5708
5708
5701
5701
5699
5698
5694
5693
5690
5690
5689
5681
5681
5677
5663
5657
5655
5652
5632
5629
5626
5624
5623
5622
5621
5616
5615
5614
5613
5612
5611
5608
5607
5605
5604
5603
5590
5587
5582
5579
5564
5562
5559
5558
5557
5554
5552
5548
5539
5536
5530
5519
5509
5508
5507
5506
5498
5491
5485
5480
5461
5459
5456
5447
5444
5442
5441
5439
5434
5430
5426
5425
5423
5418
5416
5397
5395
5385
5384
5380
5365
5364
5362
5359
5357
5356
5347
5342
5342
5341
5332
5325
5324
5324
5316
5311
5311
5311
5306
5293
5285
5274
5273
5272
5271
5263
5263
5262
5252
5249
5247
5247
5237
5234
5227
5224
5224
5222
5221
5220
5213
5207
5204
5190
5189
5189
5189
5180
5167
5164
5162
5162
5153
5148
5141
5141
5136
5135
5134
5128
5123
5116
5111
5099
5099
5098
5096
5095
5094
5087
5087
5072
5068
5064
5059
5049
5048
5042
5041
5040
5034
5016
5015
5006
4994
4993
4993
4990
4989
4986
4981
4978
4977
4970
4970
4959
4958
4958
4952
4952
4951
4950
4950
4944
4939
4937
4937
4923
4922
4913
4910
4905
4903
4898
4895
4892
4891
4890
4883
4883
4879
4877
4877
4875
4870
4869
4864
4859
4859
4854
4846
4839
4831
4830
4825
4824
4820
4817
4814
4811
4805
4805
4803
4796
4791
4784
4779
4778
4775
4773
4768
4750
4745
4744
4744
4744
4740
4738
4731
4724
4719
4717
4713
4702
4699
4695
4693
4689
4676
4675
4660
4649
4649
4649
4646
4641
4637
4633
4632
4626
4626
4624
4621
4617
4609
4608
4603
4602
4602
4600
4599
4592
4584
4583
4577
4569
4559
4557
4555
4543
4542
4542
4540
4539
4538
4538
4527
4517
4515
4509
4508
4493
4491
4491
4489
4485
4485
4481
4476
4474
4470
4470
4460
4457
4446
4440
4436
4429
4426
4418
4417
4415
4411
4407
4405
4405
4404
4404
4402
4400
4398
4394
4394
4385
4380
4374
4371
4371
4365
4363
4350
4347
4346
4339
4333
4329
4326
4319
4316
4314
4308
4300
4297
4295
4292
4285
4281
4279
4273
4251
4250
4245
4243
4243
4241
4237
4236
4220
4214
4212
4201
4200
4191
4188
4185
4184
4174
4173
4170
4169
4169
4166
4165
4164
4161
4160
4157
4152
4139
4139
4138
4137
4130
4130
4128
4120
4117
4116
4114
4106
4103
4096
4090
4089
4087
4086
4081
4074
4070
4069
4062
4061
4060
4053
4049
4045
4036
4032
4025
4016
4005
4003
4002
3997
3996
3993
3992
3982
3972
3970
3969
3958
3957
3945
3940
3937
3932
3931
3921
3919
3919
3916
3912
3911
3907
3895
3894
3886
3885
3882
3882
3878
3877
3866
3857
3844
3842
3842
3841
3836
3834
3830
3828
3826
3824
3808
3802
3792
3784
3782
3777
3775
3774
3771
3765
3764
3759
3752
3751
3743
3741
3739
3737
3732
3731
3731
3730
3723
3718
3702
3700
3667
3666
3666
3662
3654
3649
3634
3631
3628
3626
3623
3617
3615
3611
3610
3607
3605
3603
3598
3595
3592
3590
3583
3577
3575
3573
3563
3561
3555
3552
3539
3533
3530
3526
3524
3521
3518
3518
3518
3517
3505
3497
3496
3493
3488
3485
3483
3479
3474
3468
3466
3463
3462
3461
3460
3451
3451
3448
3446
3445
3445
3441
3431
3425
3424
3424
3421
3421
3420
3414
3400
3391
3386
3383
3382
3381
3376
3376
3370
3350
3346
3345
3345
3343
3341
3339
3338
3332
3332
3326
3314
3313
3307
3305
3297
3291
3289
3283
3267
3267
3262
3251
3251
3243
3241
3236
3232
3224
3224
3215
3204
3203
3202
3202
3202
3202
3193
3192
3187
3176
3171
3164
3156
3147
3144
3142
3141
3135
3121
3111
3107
3103
3090
3083
3080
3080
3080
3079
3070
3067
3058
3056
3056
3054
3051
3050
3047
3047
3040
3030
3026
3020
3015
3009
3006
2999
2995
2987
2986
2969
2963
2954
2943
2937
2925
2922
2902
2897
2889
2886
2880
2875
2861
2852
2852
2845
2843
2842
2841
2835
2832
2827
2820
2818
2814
2813
2810
2809
2808
2805
2800
2797
2797
2781
2770
2766
2763
2762
2762
2761
2755
2750
2731
2726
2725
2723
2723
2715
2709
2708
2700
2689
2687
2686
2683
2681
2678
2678
2677
2674
2673
2672
2671
2669
2662
2660
2653
2650
2647
2646
2642
2640
2631
2624
2607
2605
2604
2600
2596
2595
2595
2577
2576
2556
2554
2553
2537
2533
2530
2529
2523
2521
2515
2515
2514
2492
2489
2487
2477
2468
2468
2456
2454
2450
2449
2449
2449
2441
2438
2438
2436
2430
2430
2430
2422
2421
2418
2418
2416
2412
2405
2401
2400
2399
2392
2388
2387
2386
2383
2376
2371
2369
2357
2350
2334
2333
2331
2330
2322
2320
2317
2317
2315
2313
2312
2305
2305
2304
2292
2291
2288
2283
2282
2281
2280
2273
2262
2258
2256
2251
2248
2248
2243
2224
2224
2222
2221
2213
2212
2203
2202
2202
2201
2198
2195
2192
2184
2181
2180
2177
2174
2168
2166
2164
2163
2162
2162
2161
2159
2152
2151
2145
2144
2141
2121
2120
2115
2108
2103
2092
2084
2082
2079
2073
2069
2068
2065
2063
2061
2047
2041
2036
2035
2025
2025
2017
2005
2001
1995
1994
1992
1991
1976
1975
1970
1968
1960
1950
1947
1947
1932
1932
1932
1931
1922
1921
1919
1918
1914
1914
1907
1906
1903
1901
1896
1894
1891
1886
1881
1870
1863
1861
1858
1848
1844
1842
1842
1839
1837
1836
1833
1822
1811
1811
1800
1792
1790
1788
1782
1779
1776
1765
1765
1765
1757
1756
1753
1750
1749
1742
1742
1738
1731
1730
1718
1718
1713
1711
1694
1691
1689
1687
1683
1679
1674
1663
1658
1655
1649
1620
1619
1618
1612
1610
1605
1603
1602
1601
1597
1596
1591
1589
1584
1584
1582
1580
1572
1572
1569
1559
1559
1541
1529
1525
1524
1516
1507
1507
1504
1504
1501
1498
1486
1483
1478
1476
1475
1472
1465
1443
1437
1435
1435
1434
1431
1431
1430
1430
1418
1417
1417
1414
1404
1394
1393
1391
1381
1376
1375
1375
1373
1361
1359
1356
1354
1352
1351
1321
1320
1317
1312
1308
1304
1294
1283
1279
1279
1279
1276
1276
1271
1267
1264
1263
1263
1262
1258
1252
1251
1245
1242
1234
1233
1226
1223
1217
1210
1204
1200
1200
1189
1183
1183
1177
1176
1170
1161
1159
1141
1137
1136
1135
1129
1128
1118
1109
1107
1106
1096
1095
1090
1079
1079
1078
1074
1072
1072
1070
1068
1066
1061
1061
1058
1058
1052
1051
1047
1047
1046
1044
1043
1042
1040
1040
1033
1033
1031
1029
1027
1015
1006
1004
998
991
989
989
987
987
986
986
985
985
983
981
975
971
967
957
952
949
947
923
919
915
905
904
899
896
890
890
884
883
878
874
871
869
867
866
857
852
848
846
844
837
827
827
825
824
822
820
817
810
807
800
795
789
786
785
781
781
780
779
778
778
777
776
768
763
759
753
752
749
748
740
737
736
724
721
718
715
715
713
712
711
711
701
690
686
682
679
676
674
673
664
662
646
639
635
633
621
612
609
597
596
595
588
586
583
578
575
568
564
562
558
551
550
544
543
536
527
524
516
500
497
491
482
466
462
455
454
453
451
446
430
427
422
417
413
394
393
386
385
380
376
346
346
338
336
333
333
323
314
308
306
292
287
285
281
277
275
273
273
259
254
250
248
244
240
239
235
233
230
213
213
211
211
209
206
205
204
203
197
193
191
186
182
182
165
161
157
152
150
143
138
136
133
132
130
129
101
100
99
91
87
82
75
74
67
67
48
45
43
38
32
32
25
19
16
6
