8
8
13
15
15
16
16
17
22
26
33
40
41
56
56
61
65
70
71
72
74
77
78
78
87
99
101
105
109
110
119
131
134
141
144
144
162
164
166
167
177
182
184
185
187
189
200
205
211
213
217
223
223
228
228
228
229
230
231
231
236
241
242
244
244
245
246
247
249
249
251
252
256
262
263
269
270
271
274
276
278
278
278
279
283
288
289
290
291
291
296
303
305
307
316
323
324
328
335
336
342
344
347
353
360
362
371
375
376
378
389
396
401
406
407
409
414
414
416
417
418
420
422
422
427
429
434
440
448
449
450
451
452
453
456
460
465
466
466
470
471
474
481
489
494
497
500
514
516
522
523
524
528
530
534
536
537
539
540
540
544
552
553
554
556
561
563
572
574
578
578
580
585
587
588
591
592
593
594
600
608
609
609
612
617
620
622
623
626
631
642
644
644
648
656
658
661
664
673
679
682
684
686
688
695
697
699
699
705
709
709
715
718
726
726
734
741
744
745
747
750
752
754
755
758
759
759
760
765
765
768
771
775
776
777
784
785
791
792
793
796
796
799
800
801
804
808
813
817
817
827
827
833
835
838
841
841
844
851
857
858
864
867
878
879
881
900
902
902
913
913
914
917
917
920
929
935
941
942
947
949
949
951
958
960
963
966
969
969
979
980
981
982
983
984
984
989
995
998
1000
1010
1010
1011
1011
1019
1020
1033
1035
1035
1039
1042
1052
1060
1060
1060
1067
1069
1070
1076
1077
1079
1079
1082
1083
1088
1093
1098
1098
1103
1113
1115
1120
1122
1122
1126
1131
1132
1135
1139
1140
1147
1151
1152
1153
1158
1159
1167
1170
1175
1184
1188
1188
1190
1199
1202
1205
1213
1217
1218
1220
1222
1228
1229
1229
1242
1246
1248
1253
1253
1263
1268
1269
1272
1275
1277
1282
1284
1286
1292
1301
1302
1309
1311
1314
1316
1318
1320
1325
1325
1327
1337
1337
1342
1345
1345
1346
1351
1352
1354
1355
1357
1361
1362
1369
1373
1384
1384
1388
1389
1390
1391
1397
1400
1404
1416
1418
1423
1423
1430
1434
1435
1440
1443
1447
1447
1448
1451
1452
1458
1462
1465
1466
1466
1467
1467
1478
1486
1492
1494
1506
1507
1508
1508
1517
1521
1522
1524
1530
1534
1538
1543
1549
1550
1550
1555
1556
1557
1560
1565
1567
1568
1579
1585
1587
1594
1595
1596
1597
1598
1603
1607
1607
1608
1609
1611
1615
1620
1627
1631
1635
1636
1637
1638
1640
1641
1650
1651
1661
1662
1669
1673
1679
1687
1691
1698
1701
1702
1704
1704
1707
1709
1710
1710
1722
1733
1750
1753
1754
1758
1759
1759
1759
1763
1763
1771
1776
1779
1787
1788
1789
1791
1797
1798
1798
1800
1803
1804
1831
1832
1832
1841
1842
1846
1850
1861
1861
1868
1868
1869
1870
1872
1876
1881
1883
1884
1884
1888
1891
1891
1894
1897
1897
1903
1904
1906
1906
1909
1909
1912
1912
1914
1920
1922
1923
1927
1931
1932
1934
1939
1940
1940
1943
1946
1946
1953
1961
1961
1970
1976
1990
1994
1996
1996
2001
2005
2008
2011
2013
2016
2017
2018
2018
2018
2019
2026
2031
2035
2035
2037
2039
2044
2047
2047
2057
2058
2070
2071
2073
2073
2074
2083
2085
2085
2090
2092
2094
2112
2116
2119
2123
2125
2127
2131
2133
2135
2135
2135
2137
2139
2141
2142
2145
2146
2150
2152
2155
2155
2156
2157
2160
2160
2161
2161
2163
2174
2174
2175
2178
2179
2185
2186
2186
2186
2189
2189
2192
2200
2202
2207
2210
2214
2215
2221
2232
2236
2237
2239
2243
2245
2249
2250
2250
2251
2252
2253
2255
2260
2264
2266
2267
2267
2268
2270
2271
2273
2273
2274
2275
2276
2278
2280
2281
2283
2294
2296
2296
2299
2300
2300
2301
2302
2322
2323
2323
2329
2330
2331
2344
2347
2348
2350
2351
2354
2356
2356
2358
2362
2374
2376
2376
2380
2381
2385
2386
2387
2388
2394
2395
2401
2404
2408
2417
2418
2422
2425
2426
2427
2430
2435
2440
2446
2457
2458
2460
2462
2463
2463
2465
2467
2469
2471
2472
2475
2481
2483
2483
2493
2493
2494
2502
2504
2510
2511
2512
2512
2512
2513
2521
2529
2532
2532
2532
2532
2534
2537
2540
2543
2544
2545
2546
2550
2550
2554
2554
2562
2563
2567
2575
2579
2583
2584
2589
2590
2591
2595
2597
2604
2617
2619
2619
2625
2626
2626
2629
2638
2640
2640
2644
2645
2654
2654
2655
2660
2661
2662
2662
2670
2673
2673
2679
2679
2681
2684
2684
2685
2685
2689
2689
2690
2690
2692
2694
2700
2705
2705
2706
2706
2710
2714
2716
2719
2720
2722
2725
2727
2732
2733
2733
2733
2735
2745
2746
2748
2749
2753
2756
2757
2759
2759
2764
2766
2769
2772
2783
2784
2787
2792
2795
2795
2796
2799
2811
2819
2826
2832
2834
2835
2839
2841
2858
2858
2858
2858
2862
2865
2868
2871
2876
2876
2880
2889
2891
2893
2898
2902
2902
2903
2909
2910
2913
2916
2920
2923
2924
2924
2927
2928
2937
2937
2941
2943
2947
2948
2949
2954
2959
2968
2968
2974
2975
2976
2977
2980
2981
2986
2991
2993
2994
3008
3009
3012
3013
3018
3018
3024
3027
3027
3028
3044
3056
3057
3058
3062
3066
3070
3072
3074
3076
3078
3083
3084
3088
3091
3093
3095
3096
3100
3100
3106
3114
3115
3115
3119
3119
3122
3126
3129
3135
3140
3143
3151
3160
3160
3168
3171
3171
3174
3175
3182
3185
3187
3196
3198
3207
3210
3210
3212
3218
3218
3222
3224
3225
3225
3225
3227
3239
3242
3246
3247
3248
3251
3251
3257
3258
3259
3263
3269
3270
3275
3275
3277
3277
3278
3278
3279
3285
3287
3289
3294
3296
3297
3302
3305
3307
3307
3315
3316
3317
3320
3321
3322
3326
3329
3333
3340
3342
3344
3349
3356
3358
3365
3369
3379
3383
3385
3390
3392
3394
3394
3396
3402
3405
3417
3422
3422
3423
3423
3426
3427
3428
3428
3430
3430
3431
3437
3441
3445
3447
3449
3452
3452
3456
3460
3464
3466
3466
3469
3470
3476
3476
3478
3483
3486
3486
3487
3487
3496
3499
3502
3503
3514
3525
3528
3532
3536
3538
3538
3541
3544
3546
3547
3548
3550
3559
3559
3568
3576
3582
3583
3583
3585
3587
3590
3590
3593
3594
3596
3596
3598
3598
3600
3619
3624
3628
3630
3641
3651
3653
3663
3665
3665
3666
3667
3668
3670
3673
3673
3674
3674
3675
3676
3686
3695
3695
3697
3698
3702
3704
3705
3717
3721
3725
3728
3730
3731
3732
3739
3741
3743
3743
3746
3747
3747
3748
3749
3754
3761
3762
3767
3768
3769
3770
3773
3776
3777
3781
3782
3785
3789
3795
3795
3798
3799
3802
3806
3812
3816
3821
3824
3824
3827
3828
3832
3834
3836
3839
3851
3852
3852
3853
3853
3857
3860
3866
3870
3870
3877
3881
3884
3886
3887
3893
3896
3896
3900
3902
3902
3904
3908
3913
3914
3916
3921
3939
3940
3943
3947
3947
3952
3953
3956
3958
3961
3965
3972
3980
3985
3990
3993
3994
3996
3996
3998
3999
4000
4000
4003
4006
4006
4007
4008
4010
4024
4028
4029
4044
4044
4044
4044
4047
4047
4053
4054
4054
4055
4058
4074
4078
4085
4086
4087
4091
4092
4093
4093
4098
4105
4110
4111
4113
4116
4121
4123
4125
4132
4133
4137
4140
4141
4144
4145
4147
4149
4151
4155
4155
4156
4158
4161
4162
4163
4167
4168
4175
4190
4196
4198
4214
4217
4217
4221
4223
4232
4241
4251
4256
4258
4260
4263
4267
4275
4276
4279
4286
4290
4292
4295
4297
4298
4300
4305
4315
4322
4324
4332
4336
4338
4339
4339
4343
4347
4347
4349
4352
4358
4362
4364
4365
4365
4368
4371
4378
4379
4382
4389
4399
4406
4407
4411
4412
4414
4416
4417
4417
4433
4434
4436
4442
4451
4451
4452
4458
4462
4464
4465
4466
4468
4472
4485
4492
4493
4500
4505
4508
4516
4517
4527
4540
4541
4545
4554
4557
4558
4564
4565
4566
4567
4570
4575
4578
4578
4583
4590
4593
4596
4599
4600
4601
4602
4603
4604
4604
4607
4609
4610
4611
4618
4619
4619
4624
4626
4630
4633
4634
4639
4640
4641
4642
4666
4668
4672
4673
4675
4685
4688
4691
4696
4698
4699
4699
4701
4701
4713
4715
4718
4719
4720
4722
4727
4728
4729
4733
4737
4739
4739
4745
4746
4748
4751
4754
4760
4761
4765
4773
4776
4776
4791
4804
4808
4817
4821
4824
4825
4829
4834
4834
4836
4838
4842
4853
4859
4861
4866
4870
4875
4877
4881
4883
4890
4892
4897
4902
4915
4916
4917
4922
4925
4925
4930
4930
4937
4939
4944
4945
4947
4955
4957
4958
4962
4963
4963
4967
4971
4977
4978
4979
4983
4983
4995
4996
4996
4998
5002
5003
5006
5008
5009
5009
5010
5014
5019
5021
5021
5022
5036
5037
5037
5039
5041
5041
5045
5046
5049
5051
5052
5056
5058
5058
5059
5068
5068
5072
5080
5085
5086
5092
5092
5095
5111
5114
5115
5117
5117
5131
5131
5135
5138
5155
5155
5161
5162
5167
5169
5174
5179
5182
5186
5191
5193
5196
5203
5217
5218
5233
5235
5239
5239
5251
5254
5256
5258
5265
5265
5268
5272
5281
5285
5309
5309
5321
5321
5325
5327
5338
5343
5350
5362
5370
5372
5375
5376
5377
5379
5387
5396
5397
5401
5402
5405
5411
5413
5414
5419
5419
5423
5424
5424
5429
5429
5434
5439
5440
5440
5443
5445
5449
5450
5451
5453
5459
5460
5468
5471
5474
5476
5478
5480
5480
5481
5483
5488
5489
5492
5495
5498
5501
5501
5503
5505
5510
5513
5517
5518
5519
5519
5519
5523
5527
5528
5532
5535
5536
5536
5539
5541
5544
5544
5551
5551
5552
5552
5554
5555
5561
5561
5564
5574
5578
5583
5592
5593
5602
5602
5609
5615
5633
5634
5638
5639
5639
5647
5658
5658
5662
5672
5675
5676
5677
5679
5680
5683
5690
5693
5693
5699
5701
5701
5704
5704
5708
5709
5718
5719
5722
5731
5737
5746
5749
5754
5768
5769
5771
5774
5774
5776
5777
5781
5782
5782
5783
5786
5789
5793
5811
5812
5812
5813
5814
5814
5820
5820
5821
5824
5832
5833
5833
5838
5854
5856
5860
5864
5865
5866
5877
5877
5878
5879
5881
5882
5882
5883
5886
5886
5894
5897
5897
5901
5901
5902
5903
5911
5912
5913
5919
5922
5930
5934
5940
5943
5947
5950
5952
5954
5959
5961
5965
5971
5973
5976
5979
5981
5988
5991
5994
6001
6006
6009
6010
6016
6021
6023
6025
6025
6026
6027
6029
6032
6034
6035
6036
6037
6040
6046
6047
6050
6051
6053
6054
6056
6057
6064
6072
6078
6079
6082
6083
6084
6085
6086
6089
6092
6094
6094
6106
6108
6109
6110
6112
6114
6120
6121
6126
6126
6127
6127
6131
6135
6136
6141
6144
6146
6147
6149
6151
6153
6153
6155
6163
6164
6167
6167
6167
6174
6183
6187
6190
6193
6197
6201
6206
6208
6210
6210
6211
6212
6213
6221
6231
6231
6234
6234
6235
6242
6247
6251
6254
6256
6259
6259
6266
6267
6269
6270
6276
6279
6284
6285
6287
6290
6292
6292
6294
6297
6302
6304
6305
6308
6310
6311
6312
6314
6315
6318
6319
6323
6325
6326
6327
6337
6337
6340
6341
6341
6343
6347
6348
6353
6358
6359
6361
6364
6365
6373
6373
6375
6377
6379
6380
6385
6394
6399
6402
6402
6403
6403
6404
6407
6421
6424
6424
6425
6427
6430
6430
6431
6436
6438
6445
6451
6454
6461
6462
6466
6468
6468
6469
6474
6476
6478
6478
6480
6480
6482
6486
6492
6494
6496
6503
6510
6510
6513
6516
6522
6525
6526
6533
6536
6536
6539
6541
6542
6544
6547
6557
6558
6560
6562
6564
6567
6570
6571
6571
6571
6577
6580
6592
6598
6599
6601
6603
6603
6607
6617
6620
6622
6624
6625
6625
6637
6637
6639
6643
6648
6651
6653
6661
6665
6667
6668
6672
6673
6674
6676
6684
6685
6685
6687
6697
6704
6708
6711
6716
6720
6720
6723
6724
6725
6728
6732
6732
6742
6743
6744
6746
6747
6758
6761
6764
6769
6771
6786
6788
6789
6790
6797
6797
6797
6800
6800
6806
6810
6813
6816
6824
6831
6831
6836
6837
6838
6842
6843
6843
6850
6852
6859
6864
6883
6884
6894
6895
6907
6913
6916
6918
6920
6920
6920
6921
6925
6925
6932
6936
6944
6944
6945
6946
6948
6950
6952
6959
6963
6963
6965
6965
6965
6971
6971
6982
6991
6994
6995
7014
7015
7015
7016
7017
7018
7024
7026
7027
7029
7031
7032
7033
7044
7046
7048
7049
7053
7064
7064
7076
7078
7081
7081
7081
7081
7082
7090
7094
7098
7099
7100
7109
7114
7117
7122
7124
7126
7127
7129
7133
7134
7138
7140
7140
7142
7148
7149
7152
7156
7156
7164
7165
7166
7166
7169
7169
7170
7171
7186
7191
7193
7196
7202
7210
7219
7223
7225
7225
7227
7228
7231
7236
7237
7239
7243
7247
7251
7251
7252
7253
7260
7261
7261
7262
7264
7265
7271
7276
7283
7284
7286
7290
7295
7297
7298
7306
7320
7322
7324
7327
7328
7331
7335
7338
7342
7349
7351
7358
7359
7361
7366
7370
7374
7376
7379
7379
7382
7384
7385
7385
7403
7409
7412
7413
7417
7422
7424
7424
7426
7428
7434
7438
7439
7441
7443
7445
7448
7449
7450
7450
7451
7453
7453
7453
7455
7455
7458
7465
7467
7473
7479
7488
7489
7490
7494
7494
7509
7510
7511
7522
7526
7528
7528
7528
7530
7530
7532
7536
7536
7547
7553
7555
7556
7559
7564
7573
7574
7575
7577
7587
7591
7592
7593
7594
7605
7605
7609
7616
7618
7620
7622
7652
7659
7662
7670
7675
7675
7678
7684
7684
7684
7686
7701
7707
7708
7709
7709
7714
7718
7721
7723
7730
7733
7734
7740
7741
7757
7759
7760
7769
7769
7770
7775
7782
7787
7789
7793
7796
7798
7800
7801
7802
7804
7812
7814
7816
7822
7822
7824
7826
7830
7840
7843
7843
7849
7850
7851
7852
7854
7856
7858
7863
7866
7872
7877
7904
7907
7910
7911
7923
7923
7924
7926
7927
7934
7936
7940
7940
7941
7947
7948
7950
7951
7959
7973
7980
7981
7981
7993
7996
8002
8006
8008
8009
8010
8019
8027
8028
8033
8038
8048
8049
8056
8071
8074
8077
8088
8091
8094
8095
8100
8104
8108
8110
8111
8111
8111
8114
8116
8117
8120
8120
8130
8130
8141
8154
8161
8164
8165
8170
8173
8179
8181
8186
8188
8189
8190
8193
8196
8198
8199
8203
8204
8211
8213
8214
8216
8221
8223
8225
8228
8231
8237
8238
8245
8246
8250
8251
8261
8261
8263
8264
8266
8271
8273
8274
8292
8294
8295
8300
8301
8306
8307
8309
8309
8310
8313
8316
8319
8326
8327
8327
8328
8330
8332
8334
8337
8342
8350
8352
8356
8357
8360
8364
8367
8374
8380
8387
8388
8390
8392
8395
8395
8396
8402
8408
8409
8418
8425
8434
8441
8442
8444
8445
8446
8447
8449
8450
8457
8465
8469
8469
8470
8470
8471
8473
8474
8479
8481
8483
8484
8485
8487
8493
8501
8510
8515
8518
8525
8526
8529
8529
8537
8542
8543
8544
8545
8551
8552
8558
8568
8568
8570
8571
8575
8577
8581
8582
8582
8587
8591
8595
8597
8598
8599
8601
8602
8610
8611
8611
8613
8614
8621
8622
8625
8625
8626
8628
8630
8630
8633
8636
8639
8643
8648
8651
8652
8652
8653
8656
8664
8669
8672
8673
8681
8681
8684
8684
8687
8690
8691
8692
8705
8715
8719
8719
8722
8723
8724
8725
8727
8728
8733
8741
8745
8746
8750
8751
8757
8761
8763
8764
8767
8769
8770
8770
8770
8784
8786
8786
8789
8794
8796
8798
8798
8799
8800
8804
8808
8809
8816
8824
8825
8828
8837
8842
8853
8853
8858
8863
8872
8878
8879
8883
8885
8887
8887
8890
8895
8898
8899
8899
8905
8906
8907
8917
8918
8918
8922
8933
8935
8935
8937
8938
8939
8947
8947
8949
8951
8951
8955
8955
8956
8959
8972
8976
8977
8990
8993
8995
8999
9002
9008
9009
9009
9010
9013
9016
9017
9028
9030
9031
9037
9042
9043
9048
9052
9053
9053
9057
9058
9061
9066
9067
9069
9073
9074
9103
9117
9118
9122
9126
9126
9126
9127
9128
9130
9133
9139
9142
9149
9150
9152
9154
9156
9163
9169
9170
9175
9176
9180
9186
9186
9187
9190
9193
9196
9196
9204
9210
9211
9212
9219
9223
9224
9225
9232
9234
9239
9241
9243
9248
9255
9259
9260
9261
9261
9263
9268
9268
9274
9275
9275
9282
9283
9286
9292
9297
9297
9304
9305
9308
9309
9310
9315
9317
9320
9322
9322
9326
9330
9330
9341
9342
9348
9349
9349
9359
9363
9366
9366
9372
9374
9377
9378
9380
9380
9381
9384
9384
9388
9393
9394
9396
9396
9397
9405
9406
9406
9410
9412
9419
9429
9433
9436
9450
9451
9451
9452
9463
9465
9467
9469
9472
9477
9480
9480
9485
9489
9490
9491
9493
9499
9502
9504
9504
9506
9507
9508
9509
9513
9517
9517
9518
9519
9524
9525
9529
9537
9539
9555
9561
9563
9564
9566
9567
9568
9568
9569
9569
9569
9573
9583
9588
9598
9598
9610
9614
9622
9622
9623
9627
9634
9643
9644
9652
9667
9668
9673
9675
9679
9681
9682
9684
9687
9687
9689
9697
9703
9705
9710
9716
9724
9731
9733
9734
9740
9743
9750
9753
9756
9756
9756
9756
9759
9766
9772
9774
9775
9775
9775
9776
9778
9783
9784
9789
9790
9798
9799
9800
9803
9806
9807
9814
9828
9828
9830
9834
9843
9844
9851
9851
9853
9857
9866
9868
9869
9870
9878
9878
9882
9884
9884
9887
9892
9899
9903
9904
9904
9909
9912
9912
9919
9922
9924
9928
9932
9938
9939
9940
9947
9951
9953
9965
9965
9968
9969
9969
9971
9971
9972
9974
9975
9977
9978
9982
9982
9985
9988
9988
9992
9998
10001
10009
10012
10018
10019
10021
10025
10026
10027
10031
10034
10039
10039
10041
10049
10060
10060
10060
10061
10063
10063
10065
10069
10075
10080
10084
10094
10098
10104
10113
10121
10123
10123
10126
10132
10140
10155
10158
10165
10168
10170
10172
10172
10172
10174
10176
10178
10179
10190
10196
10197
10202
10204
10204
10205
10206
10214
10221
10224
10226
10229
10229
10230
10239
10245
10247
10253
10258
10259
10263
10265
10265
10269
10271
10276
10279
10281
10281
10281
10283
10288
10288
10291
10293
10298
10301
10302
10305
10308
10309
10315
10317
10321
10321
10322
10323
10324
10324
10325
10327
10329
10329
10343
10344
10355
10360
10365
10369
10372
10374
10375
10382
10382
10394
10395
10400
10402
10405
10406
10416
10419
10425
10430
10432
10443
10443
10444
10444
10446
10451
10465
10467
10474
10476
10477
10482
10482
10487
10488
10491
10492
10493
10494
10502
10506
10507
10507
10510
10524
10525
10530
10532
10534
10542
10546
10554
10560
10563
10563
10566
10567
10567
10567
10571
10571
10574
10575
10575
10577
10580
10588
10590
10600
10606
10607
10611
10612
10613
10615
10617
10618
10627
10627
10632
10633
10640
10649
10665
10666
10666
10670
10671
10673
10683
10686
10686
10692
10694
10698
10703
10705
10706
10707
10708
10709
10709
10711
10713
10714
10717
10718
10718
10718
10719
10719
10722
10723
10726
10727
10731
10736
10738
10740
10741
10741
10746
10746
10754
10755
10757
10762
10764
10765
10767
10771
10779
10779
10782
10784
10785
10786
10786
10786
10791
10791
10797
10799
10799
10801
10803
10811
10813
10825
10830
10832
10836
10836
10838
10841
10844
10849
10851
10851
10853
10854
10855
10857
10864
10879
10880
10882
10884
10884
10889
10911
10915
10916
10920
10924
10927
10928
10931
10934
10937
10938
10942
10942
10942
10947
10947
10952
10959
10961
10963
10967
10974
10979
10981
10982
10982
10984
10986
10988
10991
10994
10996
11013
11017
11018
11021
11024
11026
11027
11029
11036
11038
11039
11041
11044
11045
11046
11049
11050
11059
11061
11063
11066
11067
11070
11075
11087
11089
11091
11091
11092
11096
11098
11098
11102
11109
11109
11112
11114
11117
11117
11120
11121
11123
11127
11127
11130
11132
11132
11135
11138
11140
11143
11145
11146
11147
11148
11149
11151
11153
11156
11162
11166
11166
11167
11173
11185
11185
11191
11192
11194
11196
11214
11216
11220
11223
11225
11229
11229
11237
11242
11247
11248
11250
11252
11257
11262
11263
11266
11268
11270
11271
11271
11275
11285
11289
11307
11313
11318
11319
11334
11342
11347
11348
11350
11351
11353
11355
11362
11362
11380
11384
11385
11389
11390
11393
11397
11399
11406
11413
11414
11416
11425
11429
11437
11439
11442
11443
11445
11447
11448
11451
11458
11465
11467
11467
11467
11473
11476
11479
11482
11485
11488
11490
11494
11507
11508
11509
11515
11518
11524
11525
11526
11528
11529
11529
11530
11530
11535
11538
11538
11538
11541
11544
11546
11547
11547
11551
11555
11555
11556
11556
11562
11563
11565
11567
11579
11588
11592
11603
11605
11611
11612
11612
11620
11629
11650
11656
11657
11659
11661
11662
11664
11664
11671
11672
11672
11680
11681
11684
11688
11689
11691
11692
11692
11694
11695
11696
11700
11703
11719
11724
11728
11730
11731
11737
11743
11744
11747
11749
11751
11753
11753
11754
11758
11764
11766
11766
11766
11772
11772
11773
11774
11786
11790
11792
11794
11797
11801
11804
11804
11808
11811
11813
11818
11826
11837
11837
11848
11851
11858
11861
11862
11864
11866
11866
11870
11871
11872
11873
11875
11875
11880
11882
11883
11883
11888
11894
11897
11902
11904
11907
11911
11914
11916
11920
11922
11923
11929
11937
11940
11940
11952
11959
11960
11962
11963
11971
11972
11975
11980
11982
11983
11983
11991
11992
11995
12000
12001
12001
12004
12009
12011
12012
12014
12016
12029
12031
12035
12041
12041
12043
12044
12048
12050
12056
12062
12075
12079
12093
12104
12107
12110
12111
12117
12120
12123
12124
12124
12131
12136
12137
12139
12145
12146
12149
12151
12153
12156
12160
12164
12167
12171
12175
12177
12179
12179
12186
12186
12187
12189
12192
12198
12199
12210
12211
12214
12218
12227
12229
12230
12239
12240
12244
12244
12244
12246
12248
12249
12250
12251
12256
12261
12265
12265
12272
12274
12280
12286
12290
12291
12294
12301
12302
12302
12309
12309
12311
12311
12316
12323
12326
12331
12333
12333
12336
12337
12341
12342
12356
12356
12361
12364
12365
12366
12372
12373
12374
12380
12380
12388
12390
12395
12396
12398
12403
12404
12405
12406
12408
12409
12414
12415
12418
12420
12435
12441
12444
12451
12453
12455
12456
12458
12459
12464
12464
12465
12468
12471
12471
12474
12475
12476
12481
12483
12493
12496
12498
12502
12502
12503
12505
12509
12510
12513
12516
12523
12524
12525
12528
12532
12534
12534
12541
12542
12542
12547
12549
12551
12554
12555
12555
12557
12558
12561
12565
12570
12572
12576
12577
12578
12578
12581
12582
12589
12600
12602
12604
12605
12607
12611
12613
12617
12620
12621
12622
12622
12626
12627
12633
12637
12639
12640
12645
12655
12658
12661
12663
12665
12665
12667
12672
12681
12682
12685
12685
12688
12692
12693
12706
12716
12721
12729
12732
12733
12735
12735
12742
12742
12744
12745
12751
12751
12756
12756
12757
12758
12758
12760
12761
12771
12778
12786
12789
12789
12791
12792
12793
12796
12798
12800
12803
12811
12815
12819
12823
12824
12827
12832
12833
12836
12837
12848
12852
12855
12855
12857
12867
12868
12868
12871
12875
12877
12880
12885
12895
12907
12911
12912
12921
12923
12924
12925
12929
12931
12932
12932
12947
12948
12949
12949
12958
12968
12969
12970
12972
12975
12978
12983
12984
12984
12985
12990
12993
13004
13005
13008
13010
13010
13012
13013
13014
13020
13022
13022
13027
13029
13029
13029
13049
13050
13050
13056
13057
13059
13061
13061
13061
13062
13063
13063
13065
13067
13069
13072
13073
13074
13082
13095
13097
13102
13102
13102
13103
13104
13108
13109
13111
13118
13128
13133
13134
13135
13135
13137
13141
13144
13146
13151
13156
13160
13161
13168
13180
13183
13183
13185
13188
13192
13193
13193
13196
13196
13198
13198
13199
13202
13202
13208
13211
13218
13219
13219
13228
13231
13235
13237
13240
13240
13243
13254
13259
13266
13268
13268
13270
13270
13270
13273
13273
13277
13280
13280
13286
13296
13296
13296
13296
13297
13301
13303
13305
13309
13313
13314
13318
13318
13320
13325
13328
13330
13330
13333
13340
13340
13341
13343
13344
13345
13346
13346
13346
13346
13348
13349
13349
13353
13354
13358
13360
13365
13365
13366
13367
13370
13378
13380
13387
13394
13396
13406
13416
13422
13433
13434
13442
13454
13457
13457
13457
13458
13460
13462
13465
13476
13478
13484
13491
13492
13492
13503
13504
13508
13515
13517
13529
13529
13537
13537
13540
13544
13545
13546
13556
13557
13559
13560
13562
13568
13569
13575
13582
13583
13584
13587
13588
13590
13595
13599
13600
13600
13601
13608
13611
13613
13617
13619
13621
13621
13624
13625
13625
13626
13635
13641
13648
13649
13649
13653
13656
13657
13662
13662
13663
13664
13669
13672
13676
13679
13684
13684
13688
13689
13691
13712
13723
13735
13736
13736
13748
13750
13754
13757
13759
13765
13767
13769
13772
13774
13774
13780
13780
13784
13785
13787
13787
13788
13790
13794
13799
13802
13805
13808
13814
13816
13819
13822
13832
13834
13835
13835
13837
13840
13844
13851
13851
13852
13853
13853
13855
13856
13857
13862
13864
13864
13864
13865
13869
13871
13877
13877
13878
13879
13881
13883
13884
13886
13887
13893
13896
13898
13898
13902
13905
13910
13917
13918
13920
13921
13925
13926
13927
13927
13929
13932
13935
13939
13941
13942
13946
13948
13953
13953
13954
13958
13961
13980
13981
13984
13985
13986
13989
13996
13998
14004
14005
14006
14010
14016
14017
14018
14022
14027
14029
14029
14029
14033
14041
14041
14043
14046
14048
14049
14052
14053
14056
14057
14064
14068
14069
14070
14070
14072
14073
14074
14076
14080
14085
14088
14099
14104
14107
14120
14125
14133
14133
14134
14146
14148
14151
14158
14159
14160
14173
14175
14180
14180
14185
14192
14193
14198
14200
14200
14208
14215
14215
14216
14219
14221
14224
14225
14227
14231
14239
14254
14255
14264
14264
14265
14269
14270
14272
14274
14274
14275
14278
14283
14288
14295
14300
14302
14306
14311
14311
14314
14318
14322
14336
14338
14347
14349
14351
14359
14360
14370
14384
14388
14390
14392
14396
14400
14409
14417
14417
14417
14421
14422
14429
14436
14445
14446
14449
14449
14455
14462
14463
14464
14464
14465
14466
14469
14473
14482
14489
14493
14495
14495
14497
14498
14499
14500
14502
14502
14506
14506
14508
14509
14515
14522
14526
14528
14528
14529
14531
14533
14534
14538
14539
14539
14544
14546
14547
14551
14569
14572
14572
14575
14575
14577
14583
14585
14587
14589
14598
14601
14605
14609
14612
14613
14617
14632
14637
14638
14640
14643
14644
14645
14645
14662
14666
14667
14668
14673
14682
14687
14688
14691
14691
14692
14692
14696
14701
14703
14704
14709
14712
14713
14714
14722
14726
14728
14744
14744
14749
14751
14758
14759
14765
14765
14767
14767
14775
14788
14789
14791
14797
14803
14804
14816
14825
14832
14833
14836
14837
14838
14842
14844
14847
14852
14856
14858
14867
14872
14877
14884
14886
14887
14900
14903
14908
14912
14914
14915
14917
14918
14922
14922
14923
14924
14928
14931
14935
14935
14939
14942
14943
14945
14945
14948
14951
14952
14957
14961
14963
14963
14971
14972
14973
14974
14975
14983
14984
14994
14995
14997
14999
15001
15004
15005
15006
15012
15018
15021
15023
15025
15028
15031
15031
15038
15041
15042
15043
15043
15046
15050
15051
15054
15056
15060
15064
15072
15072
15073
15076
15078
15078
15078
15079
15080
15081
15083
15088
15088
15094
15097
15102
15103
15112
15112
15117
15118
15119
15121
15123
15124
15124
15126
15130
15130
15134
15144
15145
15149
15171
15173
15177
15179
15181
15182
15192
15193
15196
15205
15210
15221
15225
15227
15228
15231
15240
15242
15246
15251
15253
15259
15261
15264
15278
15283
15286
15287
15290
15294
15310
15312
15314
15319
15319
15325
15326
15326
15331
15332
15335
15337
15337
15339
15341
15341
15342
15343
15343
15354
15357
15363
15363
15367
15367
15372
15377
15377
15381
15381
15387
15391
15392
15393
15397
15402
15406
15407
15407
15409
15416
15425
15431
15431
15431
15432
15432
15433
15434
15435
15439
15441
15446
15447
15453
15453
15454
15464
15466
15467
15468
15469
15472
15472
15473
15473
15474
15475
15475
15476
15477
15487
15491
15497
15498
15499
15502
15504
15505
15512
15517
15518
15519
15521
15534
15536
15537
15539
15543
15550
15552
15558
15562
15563
15573
15576
15577
15579
15581
15583
15584
15586
15588
15592
15594
15596
15596
15599
15599
15600
15603
15617
15619
15623
15635
15639
15644
15646
15649
15659
15662
15663
15669
15670
15671
15671
15673
15677
15679
15682
15686
15688
15691
15691
15692
15699
15699
15704
15708
15712
15716
15717
15718
15755
15756
15766
15776
15778
15779
15788
15792
15796
15796
15805
15806
15807
15810
15815
15821
15822
15824
15825
15832
15835
15838
15842
15842
15849
15853
15856
15859
15861
15862
15862
15869
15870
15877
15880
15882
15882
15884
15885
15888
15888
15893
15898
15901
15901
15910
15917
15918
15923
15926
15929
15939
15947
15949
15959
15969
15975
15976
15978
15980
15981
15984
15988
15992
16011
16014
16016
16021
16021
16024
16026
16030
16035
16039
16040
16045
16054
16057
16060
16060
16065
16076
16084
16088
16091
16094
16100
16104
16106
16106
16121
16126
16126
16128
16129
16134
16136
16137
16142
16147
16153
16153
16158
16159
16161
16178
16178
16179
16184
16188
16188
16193
16196
16196
16196
16200
16206
16207
16209
16212
16216
16217
16232
16242
16242
16245
16245
16246
16250
16250
16253
16256
16257
16259
16261
16261
16262
16266
16267
16268
16273
16274
16274
16274
16280
16282
16283
16285
16286
16291
16292
16292
16293
16295
16299
16301
16302
16302
16310
16313
16314
16317
16319
16319
16324
16328
16328
16329
16333
16339
16340
16340
16341
16346
16348
16353
16353
16362
16362
16362
16370
16376
16379
16380
16382
16386
16386
16389
16392
16398
16400
16419
16420
16424
16425
16426
16430
16430
16433
16442
16445
16448
16453
16454
16454
16455
16457
16468
16473
16475
16476
16477
16477
16484
16489
16490
16495
16501
16513
16515
16516
16522
16525
16525
16526
16531
16533
16535
16535
16538
16541
16542
16543
16546
16553
16560
16563
16566
16569
16570
16572
16573
16575
16577
16577
16580
16581
16586
16592
16599
16601
16605
16607
16621
16625
16630
16633
16633
16633
16636
16637
16639
16641
16649
16652
16655
16657
16658
16659
16662
16663
16666
16671
16676
16684
16686
16691
16694
16694
16701
16701
16707
16710
16710
16715
16722
16725
16729
16730
16732
16732
16733
16737
16737
16743
16743
16745
16746
16747
16748
16754
16756
16763
16764
16773
16779
16784
16785
16790
16791
16791
16802
16803
16807
16815
16815
16818
16821
16824
16825
16825
16826
16826
16830
16831
16838
16840
16847
16849
16851
16851
16853
16853
16854
16854
16856
16866
16867
16871
16875
16875
16879
16885
16889
16892
16892
16893
16896
16898
16899
16903
16910
16910
16911
16920
16926
16931
16941
16947
16955
16957
16958
16974
16980
16984
16988
16988
16988
16990
16991
16994
17003
17005
17006
17007
17008
17012
17013
17013
17016
17018
17020
17021
17023
17024
17026
17030
17030
17033
17039
17040
17042
17046
17046
17049
17051
17052
17054
17056
17059
17064
17067
17071
17075
17077
17078
17080
17081
17092
17092
17095
17099
17102
17104
17111
17113
17114
17118
17121
17123
17127
17128
17128
17129
17130
17138
17146
17148
17160
17166
17170
17176
17177
17180
17189
17190
17190
17194
17200
17200
17210
17215
17216
17226
17227
17227
17229
17237
17240
17244
17249
17251
17256
17256
17258
17258
17261
17261
17263
17265
17266
17267
17268
17270
17278
17282
17283
17284
17284
17296
17298
17304
17307
17308
17311
17311
17320
17322
17322
17324
17327
17328
17330
17334
17335
17342
17345
17345
17349
17350
17351
17353
17354
17360
17363
17366
17368
17370
17375
17385
17390
17395
17399
17402
17404
17405
17407
17408
17411
17411
17412
17417
17418
17419
17420
17420
17424
17426
17436
17438
17438
17442
17443
17452
17457
17464
17468
17473
17480
17485
17489
17495
17505
17509
17509
17510
17514
17514
17519
17520
17521
17523
17524
17528
17530
17539
17541
17543
17544
17554
17555
17555
17556
17557
17563
17563
17566
17567
17575
17577
17577
17577
17577
17583
17584
17586
17591
17593
17596
17598
17600
17601
17604
17605
17606
17612
17614
17615
17616
17616
17626
17630
17637
17645
17646
17653
17666
17677
17679
17684
17684
17686
17688
17689
17696
17700
17702
17704
17709
17712
17713
17716
17719
17721
17728
17733
17742
17742
17746
17746
17754
17759
17762
17766
17767
17767
17768
17768
17772
17777
17778
17781
17784
17788
17791
17794
17794
17802
17810
17820
17821
17823
17824
17833
17845
17846
17850
17851
17853
17860
17863
17868
17870
17872
17879
17886
17888
17894
17894
17894
17898
17898
17901
17901
17911
17912
17915
17919
17921
17924
17925
17940
17948
17949
17958
17966
17979
17984
17988
17992
17995
17999
18004
18004
18006
18007
18009
18014
18016
18020
18032
18033
18038
18044
18045
18047
18047
18056
18056
18057
18058
18058
18063
18065
18066
18066
18068
18069
18074
18074
18077
18078
18079
18081
18083
18088
18090
18094
18104
18104
18106
18108
18117
18117
18120
18121
18124
18126
18126
18128
18133
18134
18134
18140
18152
18154
18155
18156
18157
18160
18163
18165
18166
18167
18169
18174
18175
18176
18178
18180
18188
18194
18196
18198
18198
18205
18215
18222
18223
18223
18228
18231
18232
18234
18235
18242
18247
18247
18254
18257
18257
18273
18274
18275
18277
18279
18287
18289
18292
18293
18301
18303
18303
18305
18309
18314
18316
18318
18320
18334
18335
18339
18340
18344
18349
18355
18361
18362
18365
18370
18378
18381
18383
18385
18392
18397
18399
18403
18405
18405
18412
18420
18421
18422
18432
18440
18440
18441
18448
18453
18453
18458
18461
18467
18468
18486
18491
18497
18497
18498
18502
18504
18504
18506
18509
18510
18513
18517
18525
18527
18527
18527
18537
18539
18551
18562
18563
18570
18570
18571
18573
18578
18580
18602
18602
18602
18605
18606
18610
18612
18613
18613
18618
18620
18622
18623
18624
18624
18626
18628
18634
18636
18640
18640
18650
18651
18659
18659
18663
18664
18667
18668
18685
18688
18692
18697
18698
18702
18704
18704
18709
18712
18718
18718
18720
18724
18728
18731
18732
18734
18741
18741
18742
18749
18750
18752
18753
18763
18767
18768
18768
18769
18770
18773
18780
18784
18785
18786
18787
18791
18792
18795
18797
18803
18807
18813
18819
18819
18820
18822
18823
18825
18825
18827
18828
18833
18838
18840
18844
18846
18847
18847
18857
18858
18873
18873
18875
18876
18881
18885
18890
18892
18901
18902
18903
18906
18911
18911
18912
18912
18912
18912
18915
18915
18916
18920
18920
18923
18923
18925
18926
18932
18933
18934
18934
18942
18943
18944
18944
18945
18946
18947
18950
18951
18952
18952
18955
18965
18968
18970
18974
18976
18976
18977
18979
18981
18984
18985
18987
18989
18993
18997
18997
19008
19015
19028
19030
19030
19030
19032
19036
19041
19043
19043
19043
19044
19044
19049
19050
19053
19053
19057
19060
19061
19062
19065
19069
19070
19071
19075
19078
19080
19086
19099
19107
19107
19113
19116
19118
19118
19119
19122
19127
19129
19130
19133
19133
19134
19134
19136
19138
19140
19140
19146
19147
19148
19151
19157
19157
19159
19161
19163
19164
19178
19179
19182
19183
19184
19184
19186
19187
19197
19200
19200
19208
19208
19208
19212
19222
19225
19227
19230
19237
19238
19239
19240
19243
19244
19246
19254
19256
19262
19264
19266
19266
19267
19268
19268
19270
19271
19285
19286
19289
19290
19291
19292
19295
19297
19297
19301
19305
19308
19312
19314
19317
19319
19319
19322
19323
19324
19325
19326
19326
19327
19330
19331
19332
19335
19347
19348
19350
19350
19353
19359
19361
19361
19361
19361
19362
19366
19367
19367
19368
19372
19374
19374
19375
19381
19387
19387
19390
19392
19404
19411
19411
19412
19415
19423
19423
19425
19427
19428
19430
19432
19437
19438
19438
19458
19460
19461
19463
19470
19470
19475
19480
19480
19481
19483
19486
19487
19488
19489
19492
19494
19496
19498
19501
19502
19503
19504
19505
19509
19517
19518
19522
19532
19538
19541
19544
19546
19551
19559
19570
19573
19575
19576
19579
19585
19592
19594
19598
19600
19603
19605
19609
19618
19620
19622
19623
19625
19626
19629
19634
19635
19644
19646
19653
19657
19658
19660
19661
19663
19665
19673
19674
19675
19676
19676
19677
19681
19685
19697
19698
19700
19705
19709
19710
19710
19710
19715
19716
19721
19723
19725
19725
19727
19730
19735
19736
19739
19749
19753
19753
19759
19776
19777
19777
19780
19786
19787
19793
19794
19795
19802
19804
19808
19811
19812
19815
19816
19820
19824
19825
19826
19828
19829
19832
19834
19840
19845
19851
19853
19854
19854
19856
19859
19869
19873
19874
19880
19880
19886
19886
19892
19895
19896
19902
19902
19906
19910
19912
19913
19915
19915
19922
19931
19934
19938
19949
19958
19963
19966
19967
19969
19971
19979
19990
19992
20001
20007
20009
20012
20013
20013
20015
20016
20019
20019
20021
20023
20024
20039
20041
20041
20042
20042
20044
20045
20053
20059
20062
20071
20072
20082
20085
20085
20085
20090
20091
20091
20096
20098
20100
20103
20108
20111
20111
20129
20133
20133
20133
20144
20151
20158
20158
20163
20164
20164
20165
20167
20168
20173
20173
20179
20183
20183
20190
20193
20197
20202
20202
20205
20208
20213
20215
20217
20218
20221
20222
20225
20225
20233
20239
20244
20246
20249
20256
20259
20261
20264
20268
20270
20277
20279
20281
20284
20285
20285
20289
20294
20296
20300
20304
20308
20311
20314
20314
20323
20326
20327
20329
20329
20330
20333
20333
20339
20340
20347
20354
20363
20368
20368
20373
20373
20379
20379
20387
20389
20392
20398
20401
20402
20405
20405
20406
20414
20419
20422
20422
20426
20427
20436
20439
20440
20442
20446
20449
20454
20461
20471
20476
20476
20479
20480
20481
20482
20486
20489
20491
20497
20502
20502
20515
20518
20522
20523
20524
20524
20527
20527
20529
20530
20531
20531
20532
20532
20537
20537
20538
20539
20540
20543
20546
20555
20559
20563
20565
20566
20568
20572
20578
20582
20586
20587
20588
20590
20594
20594
20595
20600
20602
20605
20609
20612
20613
20619
20619
20619
20619
20620
20627
20636
20644
20645
20647
20654
20656
20656
20657
20664
20668
20669
20672
20676
20685
20687
20688
20690
20693
20695
20697
20698
20705
20708
20709
20712
20720
20721
20726
20727
20728
20731
20733
20736
20743
20752
20757
20760
20762
20767
20767
20776
20779
20779
20784
20784
20789
20789
20790
20794
20798
20798
20802
20804
20807
20809
20815
20816
20821
20824
20826
20829
20833
20838
20847
20850
20850
20856
20858
20863
20863
20863
20863
20864
20864
20865
20866
20872
20876
20885
20885
20885
20887
20891
20892
20892
20896
20897
20899
20899
20900
20903
20907
20910
20911
20911
20913
20920
20922
20926
20927
20927
20927
20932
20932
20934
20936
20940
20945
20956
20962
20964
20967
20967
20969
20973
20979
20984
20984
20985
20988
20989
20991
20992
20995
20995
21000
21001
21001
21003
21014
21019
21024
21025
21026
21029
21030
21033
21040
21042
21043
21052
21053
21054
21055
21055
21056
21057
21061
21068
21073
21075
21078
21078
21082
21086
21089
21090
21091
21095
21102
21105
21106
21109
21110
21110
21115
21115
21116
21118
21127
21129
21135
21136
21142
21149
21159
21159
21160
21163
21164
21167
21169
21180
21182
21190
21193
21193
21199
21199
21204
21207
21207
21212
21212
21216
21221
21226
21231
21232
21234
21235
21238
21244
21245
21247
21247
21253
21254
21259
21261
21268
21274
21277
21281
21285
21287
21288
21289
21292
21299
21302
21303
21303
21304
21308
21312
21314
21316
21316
21317
21318
21319
21325
21328
21331
21331
21334
21334
21335
21335
21342
21343
21353
21353
21359
21359
21364
21366
21371
21372
21375
21379
21382
21384
21384
21391
21392
21408
21410
21411
21413
21414
21416
21423
21427
21430
21430
21430
21433
21435
21439
21441
21441
21443
21450
21451
21458
21461
21466
21467
21468
21470
21485
21492
21492
21497
21504
21506
21509
21510
21513
21532
21537
21543
21543
21547
21547
21547
21555
21557
21560
21566
21567
21577
21578
21580
21585
21586
21593
21595
21596
21596
21598
21598
21604
21604
21604
21605
21608
21619
21624
21629
21629
21631
21635
21636
21639
21642
21645
21645
21646
21651
21652
21656
21662
21667
21673
21680
21681
21686
21687
21689
21691
21693
21696
21696
21697
21698
21703
21706
21708
21708
21714
21715
21724
21725
21738
21740
21744
21750
21751
21752
21754
21755
21758
21759
21764
21764
21769
21771
21775
21778
21779
21781
21783
21788
21788
21792
21792
21796
21810
21811
21813
21819
21824
21828
21832
21836
21841
21845
21845
21849
21850
21855
21856
21860
21865
21870
21882
21883
21884
21886
21887
21889
21891
21899
21900
21908
21909
21918
21920
21921
21926
21927
21927
21935
21936
21941
21947
21948
21958
21961
21965
21967
21967
21969
21970
21971
21971
21975
21977
21983
21992
21993
21994
22000
22006
22007
22012
22013
22019
22020
22020
22020
22024
22029
22032
22033
22034
22034
22036
22037
22040
22042
22051
22054
22055
22059
22061
22066
22068
22076
22084
22090
22093
22095
22100
22102
22103
22103
22108
22109
22115
22116
22125
22127
22129
22131
22132
22137
22138
22139
22144
22147
22150
22152
22154
22159
22160
22165
22167
22170
22172
22178
22180
22184
22185
22188
22198
22198
22199
22199
22200
22204
22208
22214
22222
22223
22224
22225
22226
22227
22232
22233
22234
22234
22246
22247
22247
22249
22249
22250
22252
22261
22271
22272
22279
22284
22286
22292
22293
22294
22304
22309
22318
22321
22321
22322
22325
22326
22328
22330
22332
22335
22335
22342
22345
22350
22354
22357
22358
22360
22362
22364
22365
22368
22369
22372
22379
22380
22382
22384
22393
22396
22398
22399
22408
22408
22410
22415
22415
22417
22419
22440
22446
22452
22458
22462
22471
22476
22480
22480
22488
22499
22504
22506
22506
22508
22521
22524
22537
22539
22539
22540
22546
22550
22555
22559
22559
22560
22561
22569
22574
22577
22577
22580
22580
22580
22582
22587
22588
22590
22590
22600
22601
22601
22601
22603
22603
22606
22616
22617
22618
22620
22626
22631
22631
22632
22632
22638
22638
22638
22639
22646
22646
22649
22649
22653
22654
22657
22671
22706
22707
22708
22714
22716
22718
22718
22722
22725
22725
22729
22734
22735
22736
22736
22750
22752
22753
22756
22757
22766
22769
22770
22770
22771
22772
22779
22784
22788
22793
22795
22795
22796
22796
22797
22806
22809
22810
22812
22814
22815
22818
22819
22825
22825
22826
22829
22831
22836
22838
22841
22845
22848
22850
22856
22859
22861
22864
22868
22868
22870
22873
22874
22875
22877
22883
22897
22904
22907
22910
22922
22925
22934
22934
22942
22947
22952
22953
22954
22954
22961
22961
22967
22967
22973
22980
22981
22987
22991
22994
22999
23002
23018
23023
23028
23030
23030
23032
23033
23034
23034
23035
23040
23044
23048
23048
23051
23055
23057
23065
23066
23067
23067
23068
23072
23074
23076
23077
23087
23101
23103
23105
23109
23110
23116
23117
23117
23122
23124
23125
23128
23130
23130
23132
23146
23153
23155
23160
23163
23167
23175
23185
23191
23196
23196
23196
23199
23201
23206
23207
23209
23210
23216
23218
23227
23232
23238
23239
23240
23241
23242
23244
23247
23249
23249
23254
23258
23260
23267
23267
23269
23270
23271
23273
23274
23286
23287
23289
23294
23296
23304
23305
23305
23308
23309
23309
23315
23318
23324
23325
23328
23329
23348
23349
23351
23352
23353
23361
23369
23369
23373
23374
23374
23375
23376
23377
23381
23383
23384
23394
23400
23406
23415
23418
23419
23422
23423
23424
23424
23430
23432
23433
23434
23434
23437
23440
23440
23441
23447
23447
23453
23455
23456
23456
23457
23459
23469
23474
23476
23481
23484
23487
23495
23497
23500
23505
23508
23508
23511
23514
23515
23522
23523
23529
23530
23534
23536
23537
23537
23539
23542
23544
23544
23551
23552
23552
23557
23560
23560
23561
23569
23569
23572
23576
23577
23579
23587
23587
23589
23590
23598
23602
23602
23604
23607
23607
23614
23615
23617
23617
23621
23629
23632
23634
23635
23640
23643
23647
23648
23650
23650
23653
23655
23661
23664
23676
23682
23689
23690
23701
23703
23706
23710
23717
23723
23733
23737
23743
23747
23754
23762
23765
23766
23770
23797
23797
23800
23812
23813
23816
23820
23822
23824
23824
23825
23827
23832
23840
23841
23845
23849
23851
23854
23858
23868
23868
23868
23869
23875
23876
23877
23878
23879
23881
23884
23885
23886
23891
23892
23896
23904
23906
23910
23913
23914
23915
23925
23925
23927
23937
23940
23947
23948
23949
23954
23959
23960
23961
23962
23967
23977
23977
23984
23991
23994
23998
24000
24004
24005
24005
24009
24012
24015
24017
24018
24025
24025
24030
24032
24043
24047
24050
24052
24054
24062
24065
24065
24067
24070
24077
24081
24082
24086
24087
24088
24090
24091
24096
24097
24100
24107
24110
24113
24115
24116
24120
24122
24126
24134
24142
24143
24146
24146
24158
24159
24159
24162
24171
24173
24176
24179
24184
24196
24197
24199
24200
24205
24206
24208
24209
24211
24211
24218
24220
24220
24222
24226
24226
24230
24232
24235
24252
24252
24253
24253
24254
24255
24259
24261
24261
24271
24272
24276
24281
24281
24286
24289
24292
24295
24299
24300
24303
24307
24308
24312
24315
24319
24323
24324
24328
24329
24329
24339
24339
24341
24342
24347
24351
24351
24354
24354
24358
24365
24378
24395
24399
24401
24406
24408
24408
24412
24413
24417
24426
24426
24429
24444
24444
24445
24451
24452
24452
24456
24457
24466
24468
24473
24482
24483
24485
24494
24499
24500
24513
24513
24525
24536
24539
24543
24544
24546
24549
24551
24553
24554
24558
24559
24559
24563
24566
24568
24570
24572
24576
24576
24582
24582
24582
24583
24584
24587
24593
24595
24601
24611
24622
24628
24630
24633
24634
24634
24635
24639
24644
24648
24650
24657
24658
24660
24662
24663
24665
24665
24667
24667
24673
24675
24678
24682
24689
24694
24697
24698
24708
24715
24715
24717
24717
24725
24728
24729
24729
24739
24742
24754
24761
24766
24774
24775
24778
24778
24782
24783
24784
24791
24796
24797
24802
24804
24805
24809
24811
24812
24815
24819
24829
24832
24838
24847
24850
24853
24860
24868
24872
24874
24874
24875
24877
24880
24880
24882
24883
24895
24897
24900
24907
24908
24908
24909
24913
24915
24917
24921
24922
24923
24924
24932
24932
24943
24950
24958
24960
24965
24971
24973
24973
24980
24998
24999
25004
25006
25007
25010
25011
25012
25013
25024
25026
25031
25031
25033
25045
25047
25047
25049
25051
25051
25055
25057
25058
25062
25063
25071
25072
25076
25082
25105
25116
25119
25122
25122
25124
25126
25130
25133
25142
25144
25148
25155
25155
25158
25159
25167
25170
25176
25177
25183
25184
25186
25187
25193
25195
25198
25198
25201
25201
25203
25204
25211
25213
25216
25216
25218
25220
25222
25224
25232
25237
25239
25240
25242
25243
25243
25245
25246
25253
25256
25259
25259
25261
25262
25263
25282
25285
25291
25294
25296
25300
25302
25306
25308
25315
25317
25320
25320
25322
25327
25331
25333
25336
25338
25348
25350
25350
25350
25362
25363
25365
25368
25376
25378
25381
25381
25382
25390
25394
25400
25400
25407
25409
25411
25411
25414
25424
25426
25434
25437
25439
25443
25454
25459
25466
25470
25473
25475
25477
25487
25489
25489
25493
25495
25496
25496
25499
25508
25509
25513
25518
25525
25528
25528
25529
25530
25531
25533
25533
25535
25538
25542
25542
25549
25550
25551
25552
25552
25557
25560
25564
25571
25571
25572
25582
25583
25587
25590
25591
25601
25606
25609
25611
25628
25629
25631
25635
25635
25636
25637
25640
25640
25642
25644
25646
25648
25648
25651
25651
25653
25659
25667
25670
25681
25682
25684
25688
25690
25692
25693
25694
25694
25695
25707
25710
25713
25723
25723
25725
25729
25730
25731
25732
25733
25738
25738
25742
25744
25745
25746
25751
25753
25753
25755
25758
25760
25760
25760
25764
25770
25779
25782
25782
25788
25794
25799
25810
25823
25825
25829
25831
25834
25836
25836
25845
25848
25853
25854
25857
25862
25862
25864
25872
25875
25877
25878
25881
25883
25889
25891
25906
25907
25908
25909
25912
25913
25915
25918
25924
25926
25926
25929
25932
25946
25948
25954
25958
25961
25964
25965
25969
25973
25976
25977
25998
26005
26007
26009
26009
26010
26010
26012
26014
26017
26018
26018
26022
26027
26029
26030
26036
26041
26044
26045
26046
26046
26047
26051
26056
26058
26058
26059
26066
26078
26079
26089
26091
26092
26094
26095
26098
26099
26104
26105
26106
26107
26110
26114
26114
26115
26117
26123
26132
26133
26133
26136
26136
26145
26147
26148
26151
26153
26158
26161
26164
26164
26165
26169
26170
26173
26174
26175
26177
26184
26184
26184
26193
26194
26196
26197
26214
26215
26216
26218
26218
26219
26225
26228
26230
26232
26234
26235
26241
26241
26245
26253
26254
26257
26259
26262
26272
26273
26275
26277
26277
26279
26281
26288
26292
26297
26297
26299
26304
26304
26311
26313
26313
26314
26318
26319
26320
26322
26324
26325
26326
26327
26337
26337
26349
26350
26355
26356
26367
26370
26378
26380
26382
26385
26395
26397
26403
26408
26412
26414
26416
26417
26422
26431
26438
26441
26447
26449
26450
26451
26453
26453
26454
26456
26458
26459
26463
26464
26465
26471
26480
26481
26490
26495
26497
26497
26497
26500
26520
26525
26530
26535
26540
26542
26543
26543
26544
26551
26552
26557
26560
26563
26563
26567
26568
26568
26572
26576
26580
26589
26592
26592
26605
26610
26610
26611
26614
26616
26618
26626
26629
26630
26631
26639
26642
26650
26650
26653
26654
26657
26661
26661
26662
26662
26663
26668
26670
26670
26674
26675
26676
26679
26693
26694
26695
26699
26699
26699
26700
26700
26703
26708
26708
26709
26715
26718
26719
26725
26729
26731
26733
26738
26739
26740
26741
26744
26746
26747
26751
26763
26767
26768
26768
26776
26780
26784
26789
26791
26792
26795
26797
26801
26801
26803
26808
26811
26812
26813
26814
26819
26822
26826
26826
26832
26835
26837
26838
26840
26841
26843
26849
26853
26855
26858
26860
26860
26863
26866
26869
26870
26870
26874
26875
26879
26882
26891
26895
26899
26899
26900
26900
26905
26910
26911
26918
26918
26918
26930
26934
26935
26937
26944
26944
26948
26957
26957
26958
26959
26967
26972
26974
26975
26978
26980
26981
26985
26995
26998
27009
27009
27014
27014
27015
27020
27031
27037
27037
27038
27043
27049
27050
27051
27053
27060
27064
27068
27070
27073
27075
27075
27079
27080
27085
27089
27090
27095
27098
27099
27101
27109
27116
27116
27123
27139
27140
27144
27145
27146
27149
27154
27168
27170
27171
27172
27183
27187
27188
27189
27189
27191
27193
27195
27197
27203
27203
27209
27213
27215
27216
27223
27224
27227
27237
27246
27248
27261
27265
27268
27271
27274
27279
27296
27297
27301
27304
27311
27317
27319
27323
27325
27325
27329
27332
27333
27337
27339
27340
27344
27352
27354
27358
27360
27371
27371
27373
27377
27379
27380
27380
27382
27382
27382
27385
27392
27392
27393
27407
27413
27413
27414
27416
27416
27423
27427
27430
27432
27433
27435
27446
27458
27459
27461
27463
27463
27467
27476
27476
27484
27499
27501
27517
27519
27519
27530
27533
27539
27541
27544
27544
27548
27551
27552
27553
27555
27557
27558
27561
27570
27574
27576
27577
27577
27582
27584
27588
27589
27589
27591
27593
27593
27598
27602
27607
27611
27613
27618
27618
27627
27629
27636
27638
27646
27646
27647
27649
27663
27665
27666
27667
27670
27672
27680
27686
27691
27691
27692
27704
27704
27708
27711
27714
27715
27717
27719
27719
27723
27725
27726
27728
27730
27731
27732
27734
27735
27736
27739
27740
27747
27756
27761
27762
27763
27763
27767
27768
27772
27772
27774
27774
27777
27777
27782
27794
27797
27804
27811
27812
27812
27813
27813
27816
27820
27821
27824
27828
27834
27834
27838
27843
27846
27848
27852
27860
27866
27870
27872
27876
27879
27880
27880
27881
27888
27890
27895
27901
27901
27902
27903
27904
27908
27909
27916
27918
27919
27927
27930
27931
27938
27939
27941
27944
27946
27948
27949
27954
27956
27958
27959
27960
27963
27965
27972
27972
27976
27979
27981
27986
27988
27999
28006
28012
28015
28018
28019
28020
28021
28022
28022
28025
28025
28028
28028
28036
28039
28040
28041
28043
28049
28051
28054
28056
28057
28062
28067
28069
28072
28072
28073
28082
28087
28091
28096
28098
28104
28105
28108
28108
28109
28112
28113
28113
28118
28119
28120
28127
28132
28134
28136
28141
28149
28155
28156
28156
28159
28161
28168
28170
28177
28187
28187
28198
28200
28210
28220
28222
28231
28231
28234
28235
28236
28242
28247
28248
28249
28249
28255
28257
28259
28261
28262
28271
28273
28273
28277
28281
28282
28284
28284
28287
28289
28290
28294
28296
28297
28298
28304
28304
28312
28315
28317
28319
28320
28321
28321
28330
28335
28336
28336
28336
28337
28350
28366
28372
28376
28379
28380
28384
28387
28394
28398
28402
28404
28404
28407
28411
28413
28416
28417
28418
28419
28423
28424
28429
28434
28437
28456
28459
28463
28464
28466
28474
28480
28481
28483
28485
28486
28486
28487
28487
28488
28489
28493
28494
28502
28504
28507
28517
28520
28522
28523
28524
28526
28534
28542
28549
28550
28553
28559
28562
28567
28567
28574
28577
28584
28586
28586
28593
28604
28610
28612
28623
28627
28634
28636
28636
28638
28639
28640
28644
28651
28655
28657
28659
28661
28662
28662
28664
28665
28667
28668
28674
28677
28678
28680
28689
28689
28692
28694
28695
28696
28710
28719
28720
28727
28727
28729
28731
28739
28742
28747
28749
28751
28752
28755
28756
28757
28763
28763
28765
28766
28770
28780
28789
28790
28799
28803
28807
28807
28812
28814
28819
28820
28832
28832
28834
28835
28838
28847
28848
28849
28851
28852
28854
28855
28855
28861
28863
28865
28872
28875
28876
28878
28882
28883
28887
28890
28905
28910
28911
28916
28922
28923
28927
28928
28929
28929
28929
28930
28936
28936
28942
28944
28947
28950
28952
28959
28961
28962
28964
28971
28974
28974
28982
28983
28984
28988
28989
28992
28992
28995
28995
28996
29002
29008
29009
29010
29011
29024
29026
29029
29032
29033
29035
29035
29039
29042
29044
29045
29048
29051
29060
29068
29069
29071
29072
29075
29075
29078
29080
29080
29090
29093
29104
29113
29115
29115
29121
29121
29124
29126
29127
29131
29134
29135
29138
29138
29139
29140
29146
29148
29151
29160
29161
29163
29166
29167
29170
29174
29175
29178
29181
29182
29183
29185
29186
29190
29193
29194
29194
29197
29203
29204
29205
29205
29213
29219
29222
29223
29224
29224
29226
29227
29228
29231
29231
29232
29234
29236
29238
29238
29239
29240
29242
29248
29248
29252
29254
29263
29266
29269
29269
29272
29273
29273
29275
29275
29282
29285
29287
29287
29292
29294
29296
29299
29299
29301
29308
29309
29315
29316
29322
29323
29323
29324
29325
29328
29333
29335
29340
29351
29351
29351
29356
29356
29361
29362
29365
29365
29365
29366
29366
29366
29366
29366
29367
29374
29381
29385
29390
29390
29392
29394
29394
29396
29399
29402
29404
29407
29408
29413
29413
29413
29417
29424
29428
29430
29433
29439
29440
29441
29443
29443
29445
29445
29449
29451
29453
29454
29456
29457
29466
29467
29470
29482
29484
29493
29498
29499
29501
29503
29511
29512
29515
29520
29521
29522
29525
29526
29533
29533
29535
29537
29537
29538
29541
29544
29545
29546
29556
29557
29558
29558
29566
29570
29571
29577
29579
29587
29595
29595
29596
29599
29603
29605
29605
29606
29611
29615
29618
29620
29620
29624
29625
29625
29628
29630
29634
29635
29639
29640
29641
29654
29663
29665
29665
29675
29694
29695
29696
29697
29699
29701
29702
29703
29704
29705
29706
29709
29709
29710
29716
29716
29717
29721
29723
29727
29743
29748
29756
29760
29764
29766
29767
29767
29779
29779
29781
29782
29784
29787
29797
29800
29807
29817
29817
29822
29828
29835
29836
29843
29848
29848
29850
29851
29857
29863
29867
29869
29869
29871
29878
29881
29886
29887
29890
29894
29900
29902
29907
29910
29913
29916
29916
29921
29923
29923
29926
29926
29927
29928
29930
29931
29935
29936
29939
29941
29941
29941
29944
29954
29957
29960
29960
29963
29969
29973
29976
29978
29980
29981
29989
29996
30000
30003
30004
30014
30018
30027
30028
30031
30032
30032
30033
30034
30034
30040
30041
30044
30051
30053
30058
30059
30063
30063
30066
30068
30077
30078
30082
30086
30090
30092
30100
30104
30104
30107
30109
30110
30114
30114
30121
30124
30130
30134
30138
30141
30145
30149
30150
30159
30170
30171
30179
30186
30187
30190
30194
30201
30203
30204
30207
30210
30210
30213
30215
30221
30222
30222
30223
30225
30226
30229
30230
30231
30233
30234
30236
30240
30242
30244
30247
30249
30257
30260
30260
30260
30261
30262
30264
30269
30269
30271
30272
30279
30287
30287
30288
30292
30296
30297
30302
30307
30307
30313
30321
30323
30325
30329
30330
30344
30346
30347
30353
30357
30360
30361
30361
30363
30366
30368
30372
30378
30385
30389
30390
30393
30396
30399
30407
30408
30410
30413
30423
30428
30438
30439
30448
30461
30462
30467
30471
30476
30478
30480
30487
30491
30492
30495
30496
30496
30502
30515
30516
30519
30522
30526
30535
30543
30543
30547
30548
30548
30549
30561
30572
30574
30576
30577
30583
30599
30607
30610
30613
30616
30616
30617
30621
30622
30622
30623
30624
30625
30625
30627
30629
30631
30631
30634
30640
30645
30660
30662
30663
30666
30667
30669
30671
30672
30678
30679
30680
30693
30693
30694
30695
30700
30704
30704
30706
30706
30711
30716
30718
30722
30723
30724
30727
30733
30734
30734
30734
30737
30741
30742
30746
30750
30752
30753
30756
30766
30772
30775
30777
30778
30780
30782
30788
30794
30796
30804
30805
30807
30811
30817
30827
30829
30833
30835
30836
30837
30841
30842
30843
30845
30847
30848
30850
30857
30860
30860
30862
30873
30878
30880
30882
30886
30888
30891
30900
30902
30903
30903
30903
30904
30909
30911
30913
30920
30929
30933
30935
30938
30941
30941
30948
30949
30954
30957
30959
30959
30961
30962
30962
30963
30967
30967
30975
30987
30989
30993
30994
30994
30996
30997
31005
31014
31014
31018
31020
31021
31023
31027
31029
31032
31038
31041
31053
31053
31053
31055
31057
31061
31075
31077
31087
31088
31089
31089
31090
31092
31096
31097
31098
31101
31105
31106
31106
31108
31115
31115
31119
31121
31126
31129
31134
31135
31135
31137
31147
31149
31150
31153
31154
31157
31161
31166
31176
31177
31180
31183
31183
31184
31194
31197
31198
31200
31201
31201
31207
31212
31214
31214
31218
31218
31232
31239
31239
31239
31247
31249
31249
31253
31257
31260
31268
31271
31280
31284
31289
31289
31292
31292
31294
31298
31304
31305
31307
31321
31324
31329
31335
31341
31341
31344
31346
31347
31348
31351
31351
31354
31356
31357
31358
31363
31364
31366
31367
31369
31369
31372
31373
31374
31375
31381
31383
31384
31386
31388
31388
31391
31391
31392
31392
31393
31400
31401
31405
31406
31415
31420
31425
31430
31433
31434
31443
31443
31446
31446
31447
31447
31448
31456
31459
31460
31462
31466
31470
31471
31478
31481
31485
31486
31486
31487
31487
31490
31495
31498
31502
31502
31506
31507
31511
31511
31515
31516
31518
31521
31521
31523
31526
31527
31533
31538
31543
31547
31548
31569
31570
31572
31574
31575
31575
31582
31585
31585
31587
31589
31589
31594
31599
31600
31607
31608
31610
31618
31622
31622
31629
31629
31630
31631
31635
31636
31637
31641
31651
31652
31659
31660
31667
31668
31673
31675
31681
31684
31685
31694
31695
31696
31699
31702
31703
31703
31711
31713
31717
31717
31721
31721
31728
31729
31734
31736
31736
31742
31747
31749
31749
31751
31751
31755
31769
31775
31775
31779
31781
31781
31781
31790
31790
31790
31793
31794
31796
31797
31801
31802
31816
31819
31820
31822
31828
31830
31851
31855
31856
31856
31856
31857
31858
31860
31860
31861
31861
31862
31866
31870
31870
31877
31879
31880
31882
31887
31891
31891
31894
31898
31898
31900
31906
31910
31921
31922
31929
31930
31931
31931
31934
31936
31943
31952
31952
31958
31959
31962
31966
31967
31969
31971
31974
31987
31992
31996
32000
32007
32008
32009
32014
32015
32017
32020
32020
32028
32031
32040
32044
32047
32052
32061
32068
32069
32071
32077
32083
32084
32085
32085
32096
32097
32098
32099
32099
32100
32106
32109
32111
32120
32129
32138
32141
32142
32144
32144
32149
32149
32152
32152
32152
32155
32157
32159
32163
32163
32165
32167
32174
32175
32176
32182
32185
32188
32193
32195
32197
32207
32208
32216
32217
32222
32222
32223
32225
32231
32234
32237
32239
32243
32246
32253
32254
32268
32270
32272
32275
32276
32280
32289
32290
32300
32302
32303
32309
32311
32312
32318
32319
32327
32327
32332
32334
32337
32342
32343
32348
32350
32350
32355
32356
32360
32360
32362
32362
32363
32364
32364
32364
32367
32368
32372
32374
32376
32378
32383
32383
32384
32389
32395
32396
32398
32400
32402
32407
32412
32417
32418
32421
32427
32434
32434
32436
32438
32451
32454
32456
32468
32469
32470
32476
32479
32480
32484
32488
32488
32494
32499
32512
32514
32523
32525
32533
32533
32538
32540
32540
32546
32559
32561
32563
32563
32574
32585
32586
32590
32598
32603
32604
32604
32604
32605
32608
32609
32610
32612
32614
32614
32616
32619
32619
32620
32621
32625
32632
32638
32639
32648
32649
32651
32658
32664
32668
32670
32671
32671
32671
32672
32673
32687
32696
32696
32701
32703
32704
32706
32708
32710
32710
32711
32713
32713
32718
32718
32719
32720
32730
32731
32734
32740
32741
32742
32743
32746
32763
