32763
32746
32743
32742
32741
32740
32734
32731
32730
32720
32719
32718
32718
32713
32713
32711
32710
32710
32708
32706
32704
32703
32701
32696
32696
32687
32673
32672
32671
32671
32671
32670
32668
32664
32658
32651
32649
32648
32639
32638
32632
32625
32621
32620
32619
32619
32616
32614
32614
32612
32610
32609
32608
32605
32604
32604
32604
32603
32598
32590
32586
32585
32574
32563
32563
32561
32559
32546
32540
32540
32538
32533
32533
32525
32523
32514
32512
32499
32494
32488
32488
32484
32480
32479
32476
32470
32469
32468
32456
32454
32451
32438
32436
32434
32434
32427
32421
32418
32417
32412
32407
32402
32400
32398
32396
32395
32389
32384
32383
32383
32378
32376
32374
32372
32368
32367
32364
32364
32364
32363
32362
32362
32360
32360
32356
32355
32350
32350
32348
32343
32342
32337
32334
32332
32327
32327
32319
32318
32312
32311
32309
32303
32302
32300
32290
32289
32280
32276
32275
32272
32270
32268
32254
32253
32246
32243
32239
32237
32234
32231
32225
32223
32222
32222
32217
32216
32208
32207
32197
32195
32193
32188
32185
32182
32176
32175
32174
32167
32165
32163
32163
32159
32157
32155
32152
32152
32152
32149
32149
32144
32144
32142
32141
32138
32129
32120
32111
32109
32106
32100
32099
32099
32098
32097
32096
32085
32085
32084
32083
32077
32071
32069
32068
32061
32052
32047
32044
32040
32031
32028
32020
32020
32017
32015
32014
32009
32008
32007
32000
31996
31992
31987
31974
31971
31969
31967
31966
31962
31959
31958
31952
31952
31943
31936
31934
31931
31931
31930
31929
31922
31921
31910
31906
31900
31898
31898
31894
31891
31891
31887
31882
31880
31879
31877
31870
31870
31866
31862
31861
31861
31860
31860
31858
31857
31856
31856
31856
31855
31851
31830
31828
31822
31820
31819
31816
31802
31801
31797
31796
31794
31793
31790
31790
31790
31781
31781
31781
31779
31775
31775
31769
31755
31751
31751
31749
31749
31747
31742
31736
31736
31734
31729
31728
31721
31721
31717
31717
31713
31711
31703
31703
31702
31699
31696
31695
31694
31685
31684
31681
31675
31673
31668
31667
31660
31659
31652
31651
31641
31637
31636
31635
31631
31630
31629
31629
31622
31622
31618
31610
31608
31607
31600
31599
31594
31589
31589
31587
31585
31585
31582
31575
31575
31574
31572
31570
31569
31548
31547
31543
31538
31533
31527
31526
31523
31521
31521
31518
31516
31515
31511
31511
31507
31506
31502
31502
31498
31495
31490
31487
31487
31486
31486
31485
31481
31478
31471
31470
31466
31462
31460
31459
31456
31448
31447
31447
31446
31446
31443
31443
31434
31433
31430
31425
31420
31415
31406
31405
31401
31400
31393
31392
31392
31391
31391
31388
31388
31386
31384
31383
31381
31375
31374
31373
31372
31369
31369
31367
31366
31364
31363
31358
31357
31356
31354
31351
31351
31348
31347
31346
31344
31341
31341
31335
31329
31324
31321
31307
31305
31304
31298
31294
31292
31292
31289
31289
31284
31280
31271
31268
31260
31257
31253
31249
31249
31247
31239
31239
31239
31232
31218
31218
31214
31214
31212
31207
31201
31201
31200
31198
31197
31194
31184
31183
31183
31180
31177
31176
31166
31161
31157
31154
31153
31150
31149
31147
31137
31135
31135
31134
31129
31126
31121
31119
31115
31115
31108
31106
31106
31105
31101
31098
31097
31096
31092
31090
31089
31089
31088
31087
31077
31075
31061
31057
31055
31053
31053
31053
31041
31038
31032
31029
31027
31023
31021
31020
31018
31014
31014
31005
30997
30996
30994
30994
30993
30989
30987
30975
30967
30967
30963
30962
30962
30961
30959
30959
30957
30954
30949
30948
30941
30941
30938
30935
30933
30929
30920
30913
30911
30909
30904
30903
30903
30903
30902
30900
30891
30888
30886
30882
30880
30878
30873
30862
30860
30860
30857
30850
30848
30847
30845
30843
30842
30841
30837
30836
30835
30833
30829
30827
30817
30811
30807
30805
30804
30796
30794
30788
30782
30780
30778
30777
30775
30772
30766
30756
30753
30752
30750
30746
30742
30741
30737
30734
30734
30734
30733
30727
30724
30723
30722
30718
30716
30711
30706
30706
30704
30704
30700
30695
30694
30693
30693
30680
30679
30678
30672
30671
30669
30667
30666
30663
30662
30660
30645
30640
30634
30631
30631
30629
30627
30625
30625
30624
30623
30622
30622
30621
30617
30616
30616
30613
30610
30607
30599
30583
30577
30576
30574
30572
30561
30549
30548
30548
30547
30543
30543
30535
30526
30522
30519
30516
30515
30502
30496
30496
30495
30492
30491
30487
30480
30478
30476
30471
30467
30462
30461
30448
30439
30438
30428
30423
30413
30410
30408
30407
30399
30396
30393
30390
30389
30385
30378
30372
30368
30366
30363
30361
30361
30360
30357
30353
30347
30346
30344
30330
30329
30325
30323
30321
30313
30307
30307
30302
30297
30296
30292
30288
30287
30287
30279
30272
30271
30269
30269
30264
30262
30261
30260
30260
30260
30257
30249
30247
30244
30242
30240
30236
30234
30233
30231
30230
30229
30226
30225
30223
30222
30222
30221
30215
30213
30210
30210
30207
30204
30203
30201
30194
30190
30187
30186
30179
30171
30170
30159
30150
30149
30145
30141
30138
30134
30130
30124
30121
30114
30114
30110
30109
30107
30104
30104
30100
30092
30090
30086
30082
30078
30077
30068
30066
30063
30063
30059
30058
30053
30051
30044
30041
30040
30034
30034
30033
30032
30032
30031
30028
30027
30018
30014
30004
30003
30000
29996
29989
29981
29980
29978
29976
29973
29969
29963
29960
29960
29957
29954
29944
29941
29941
29941
29939
29936
29935
29931
29930
29928
29927
29926
29926
29923
29923
29921
29916
29916
29913
29910
29907
29902
29900
29894
29890
29887
29886
29881
29878
29871
29869
29869
29867
29863
29857
29851
29850
29848
29848
29843
29836
29835
29828
29822
29817
29817
29807
29800
29797
29787
29784
29782
29781
29779
29779
29767
29767
29766
29764
29760
29756
29748
29743
29727
29723
29721
29717
29716
29716
29710
29709
29709
29706
29705
29704
29703
29702
29701
29699
29697
29696
29695
29694
29675
29665
29665
29663
29654
29641
29640
29639
29635
29634
29630
29628
29625
29625
29624
29620
29620
29618
29615
29611
29606
29605
29605
29603
29599
29596
29595
29595
29587
29579
29577
29571
29570
29566
29558
29558
29557
29556
29546
29545
29544
29541
29538
29537
29537
29535
29533
29533
29526
29525
29522
29521
29520
29515
29512
29511
29503
29501
29499
29498
29493
29484
29482
29470
29467
29466
29457
29456
29454
29453
29451
29449
29445
29445
29443
29443
29441
29440
29439
29433
29430
29428
29424
29417
29413
29413
29413
29408
29407
29404
29402
29399
29396
29394
29394
29392
29390
29390
29385
29381
29374
29367
29366
29366
29366
29366
29366
29365
29365
29365
29362
29361
29356
29356
29351
29351
29351
29340
29335
29333
29328
29325
29324
29323
29323
29322
29316
29315
29309
29308
29301
29299
29299
29296
29294
29292
29287
29287
29285
29282
29275
29275
29273
29273
29272
29269
29269
29266
29263
29254
29252
29248
29248
29242
29240
29239
29238
29238
29236
29234
29232
29231
29231
29228
29227
29226
29224
29224
29223
29222
29219
29213
29205
29205
29204
29203
29197
29194
29194
29193
29190
29186
29185
29183
29182
29181
29178
29175
29174
29170
29167
29166
29163
29161
29160
29151
29148
29146
29140
29139
29138
29138
29135
29134
29131
29127
29126
29124
29121
29121
29115
29115
29113
29104
29093
29090
29080
29080
29078
29075
29075
29072
29071
29069
29068
29060
29051
29048
29045
29044
29042
29039
29035
29035
29033
29032
29029
29026
29024
29011
29010
29009
29008
29002
28996
28995
28995
28992
28992
28989
28988
28984
28983
28982
28974
28974
28971
28964
28962
28961
28959
28952
28950
28947
28944
28942
28936
28936
28930
28929
28929
28929
28928
28927
28923
28922
28916
28911
28910
28905
28890
28887
28883
28882
28878
28876
28875
28872
28865
28863
28861
28855
28855
28854
28852
28851
28849
28848
28847
28838
28835
28834
28832
28832
28820
28819
28814
28812
28807
28807
28803
28799
28790
28789
28780
28770
28766
28765
28763
28763
28757
28756
28755
28752
28751
28749
28747
28742
28739
28731
28729
28727
28727
28720
28719
28710
28696
28695
28694
28692
28689
28689
28680
28678
28677
28674
28668
28667
28665
28664
28662
28662
28661
28659
28657
28655
28651
28644
28640
28639
28638
28636
28636
28634
28627
28623
28612
28610
28604
28593
28586
28586
28584
28577
28574
28567
28567
28562
28559
28553
28550
28549
28542
28534
28526
28524
28523
28522
28520
28517
28507
28504
28502
28494
28493
28489
28488
28487
28487
28486
28486
28485
28483
28481
28480
28474
28466
28464
28463
28459
28456
28437
28434
28429
28424
28423
28419
28418
28417
28416
28413
28411
28407
28404
28404
28402
28398
28394
28387
28384
28380
28379
28376
28372
28366
28350
28337
28336
28336
28336
28335
28330
28321
28321
28320
28319
28317
28315
28312
28304
28304
28298
28297
28296
28294
28290
28289
28287
28284
28284
28282
28281
28277
28273
28273
28271
28262
28261
28259
28257
28255
28249
28249
28248
28247
28242
28236
28235
28234
28231
28231
28222
28220
28210
28200
28198
28187
28187
28177
28170
28168
28161
28159
28156
28156
28155
28149
28141
28136
28134
28132
28127
28120
28119
28118
28113
28113
28112
28109
28108
28108
28105
28104
28098
28096
28091
28087
28082
28073
28072
28072
28069
28067
28062
28057
28056
28054
28051
28049
28043
28041
28040
28039
28036
28028
28028
28025
28025
28022
28022
28021
28020
28019
28018
28015
28012
28006
27999
27988
27986
27981
27979
27976
27972
27972
27965
27963
27960
27959
27958
27956
27954
27949
27948
27946
27944
27941
27939
27938
27931
27930
27927
27919
27918
27916
27909
27908
27904
27903
27902
27901
27901
27895
27890
27888
27881
27880
27880
27879
27876
27872
27870
27866
27860
27852
27848
27846
27843
27838
27834
27834
27828
27824
27821
27820
27816
27813
27813
27812
27812
27811
27804
27797
27794
27782
27777
27777
27774
27774
27772
27772
27768
27767
27763
27763
27762
27761
27756
27747
27740
27739
27736
27735
27734
27732
27731
27730
27728
27726
27725
27723
27719
27719
27717
27715
27714
27711
27708
27704
27704
27692
27691
27691
27686
27680
27672
27670
27667
27666
27665
27663
27649
27647
27646
27646
27638
27636
27629
27627
27618
27618
27613
27611
27607
27602
27598
27593
27593
27591
27589
27589
27588
27584
27582
27577
27577
27576
27574
27570
27561
27558
27557
27555
27553
27552
27551
27548
27544
27544
27541
27539
27533
27530
27519
27519
27517
27501
27499
27484
27476
27476
27467
27463
27463
27461
27459
27458
27446
27435
27433
27432
27430
27427
27423
27416
27416
27414
27413
27413
27407
27393
27392
27392
27385
27382
27382
27382
27380
27380
27379
27377
27373
27371
27371
27360
27358
27354
27352
27344
27340
27339
27337
27333
27332
27329
27325
27325
27323
27319
27317
27311
27304
27301
27297
27296
27279
27274
27271
27268
27265
27261
27248
27246
27237
27227
27224
27223
27216
27215
27213
27209
27203
27203
27197
27195
27193
27191
27189
27189
27188
27187
27183
27172
27171
27170
27168
27154
27149
27146
27145
27144
27140
27139
27123
27116
27116
27109
27101
27099
27098
27095
27090
27089
27085
27080
27079
27075
27075
27073
27070
27068
27064
27060
27053
27051
27050
27049
27043
27038
27037
27037
27031
27020
27015
27014
27014
27009
27009
26998
26995
26985
26981
26980
26978
26975
26974
26972
26967
26959
26958
26957
26957
26948
26944
26944
26937
26935
26934
26930
26918
26918
26918
26911
26910
26905
26900
26900
26899
26899
26895
26891
26882
26879
26875
26874
26870
26870
26869
26866
26863
26860
26860
26858
26855
26853
26849
26843
26841
26840
26838
26837
26835
26832
26826
26826
26822
26819
26814
26813
26812
26811
26808
26803
26801
26801
26797
26795
26792
26791
26789
26784
26780
26776
26768
26768
26767
26763
26751
26747
26746
26744
26741
26740
26739
26738
26733
26731
26729
26725
26719
26718
26715
26709
26708
26708
26703
26700
26700
26699
26699
26699
26695
26694
26693
26679
26676
26675
26674
26670
26670
26668
26663
26662
26662
26661
26661
26657
26654
26653
26650
26650
26642
26639
26631
26630
26629
26626
26618
26616
26614
26611
26610
26610
26605
26592
26592
26589
26580
26576
26572
26568
26568
26567
26563
26563
26560
26557
26552
26551
26544
26543
26543
26542
26540
26535
26530
26525
26520
26500
26497
26497
26497
26495
26490
26481
26480
26471
26465
26464
26463
26459
26458
26456
26454
26453
26453
26451
26450
26449
26447
26441
26438
26431
26422
26417
26416
26414
26412
26408
26403
26397
26395
26385
26382
26380
26378
26370
26367
26356
26355
26350
26349
26337
26337
26327
26326
26325
26324
26322
26320
26319
26318
26314
26313
26313
26311
26304
26304
26299
26297
26297
26292
26288
26281
26279
26277
26277
26275
26273
26272
26262
26259
26257
26254
26253
26245
26241
26241
26235
26234
26232
26230
26228
26225
26219
26218
26218
26216
26215
26214
26197
26196
26194
26193
26184
26184
26184
26177
26175
26174
26173
26170
26169
26165
26164
26164
26161
26158
26153
26151
26148
26147
26145
26136
26136
26133
26133
26132
26123
26117
26115
26114
26114
26110
26107
26106
26105
26104
26099
26098
26095
26094
26092
26091
26089
26079
26078
26066
26059
26058
26058
26056
26051
26047
26046
26046
26045
26044
26041
26036
26030
26029
26027
26022
26018
26018
26017
26014
26012
26010
26010
26009
26009
26007
26005
25998
25977
25976
25973
25969
25965
25964
25961
25958
25954
25948
25946
25932
25929
25926
25926
25924
25918
25915
25913
25912
25909
25908
25907
25906
25891
25889
25883
25881
25878
25877
25875
25872
25864
25862
25862
25857
25854
25853
25848
25845
25836
25836
25834
25831
25829
25825
25823
25810
25799
25794
25788
25782
25782
25779
25770
25764
25760
25760
25760
25758
25755
25753
25753
25751
25746
25745
25744
25742
25738
25738
25733
25732
25731
25730
25729
25725
25723
25723
25713
25710
25707
25695
25694
25694
25693
25692
25690
25688
25684
25682
25681
25670
25667
25659
25653
25651
25651
25648
25648
25646
25644
25642
25640
25640
25637
25636
25635
25635
25631
25629
25628
25611
25609
25606
25601
25591
25590
25587
25583
25582
25572
25571
25571
25564
25560
25557
25552
25552
25551
25550
25549
25542
25542
25538
25535
25533
25533
25531
25530
25529
25528
25528
25525
25518
25513
25509
25508
25499
25496
25496
25495
25493
25489
25489
25487
25477
25475
25473
25470
25466
25459
25454
25443
25439
25437
25434
25426
25424
25414
25411
25411
25409
25407
25400
25400
25394
25390
25382
25381
25381
25378
25376
25368
25365
25363
25362
25350
25350
25350
25348
25338
25336
25333
25331
25327
25322
25320
25320
25317
25315
25308
25306
25302
25300
25296
25294
25291
25285
25282
25263
25262
25261
25259
25259
25256
25253
25246
25245
25243
25243
25242
25240
25239
25237
25232
25224
25222
25220
25218
25216
25216
25213
25211
25204
25203
25201
25201
25198
25198
25195
25193
25187
25186
25184
25183
25177
25176
25170
25167
25159
25158
25155
25155
25148
25144
25142
25133
25130
25126
25124
25122
25122
25119
25116
25105
25082
25076
25072
25071
25063
25062
25058
25057
25055
25051
25051
25049
25047
25047
25045
25033
25031
25031
25026
25024
25013
25012
25011
25010
25007
25006
25004
24999
24998
24980
24973
24973
24971
24965
24960
24958
24950
24943
24932
24932
24924
24923
24922
24921
24917
24915
24913
24909
24908
24908
24907
24900
24897
24895
24883
24882
24880
24880
24877
24875
24874
24874
24872
24868
24860
24853
24850
24847
24838
24832
24829
24819
24815
24812
24811
24809
24805
24804
24802
24797
24796
24791
24784
24783
24782
24778
24778
24775
24774
24766
24761
24754
24742
24739
24729
24729
24728
24725
24717
24717
24715
24715
24708
24698
24697
24694
24689
24682
24678
24675
24673
24667
24667
24665
24665
24663
24662
24660
24658
24657
24650
24648
24644
24639
24635
24634
24634
24633
24630
24628
24622
24611
24601
24595
24593
24587
24584
24583
24582
24582
24582
24576
24576
24572
24570
24568
24566
24563
24559
24559
24558
24554
24553
24551
24549
24546
24544
24543
24539
24536
24525
24513
24513
24500
24499
24494
24485
24483
24482
24473
24468
24466
24457
24456
24452
24452
24451
24445
24444
24444
24429
24426
24426
24417
24413
24412
24408
24408
24406
24401
24399
24395
24378
24365
24358
24354
24354
24351
24351
24347
24342
24341
24339
24339
24329
24329
24328
24324
24323
24319
24315
24312
24308
24307
24303
24300
24299
24295
24292
24289
24286
24281
24281
24276
24272
24271
24261
24261
24259
24255
24254
24253
24253
24252
24252
24235
24232
24230
24226
24226
24222
24220
24220
24218
24211
24211
24209
24208
24206
24205
24200
24199
24197
24196
24184
24179
24176
24173
24171
24162
24159
24159
24158
24146
24146
24143
24142
24134
24126
24122
24120
24116
24115
24113
24110
24107
24100
24097
24096
24091
24090
24088
24087
24086
24082
24081
24077
24070
24067
24065
24065
24062
24054
24052
24050
24047
24043
24032
24030
24025
24025
24018
24017
24015
24012
24009
24005
24005
24004
24000
23998
23994
23991
23984
23977
23977
23967
23962
23961
23960
23959
23954
23949
23948
23947
23940
23937
23927
23925
23925
23915
23914
23913
23910
23906
23904
23896
23892
23891
23886
23885
23884
23881
23879
23878
23877
23876
23875
23869
23868
23868
23868
23858
23854
23851
23849
23845
23841
23840
23832
23827
23825
23824
23824
23822
23820
23816
23813
23812
23800
23797
23797
23770
23766
23765
23762
23754
23747
23743
23737
23733
23723
23717
23710
23706
23703
23701
23690
23689
23682
23676
23664
23661
23655
23653
23650
23650
23648
23647
23643
23640
23635
23634
23632
23629
23621
23617
23617
23615
23614
23607
23607
23604
23602
23602
23598
23590
23589
23587
23587
23579
23577
23576
23572
23569
23569
23561
23560
23560
23557
23552
23552
23551
23544
23544
23542
23539
23537
23537
23536
23534
23530
23529
23523
23522
23515
23514
23511
23508
23508
23505
23500
23497
23495
23487
23484
23481
23476
23474
23469
23459
23457
23456
23456
23455
23453
23447
23447
23441
23440
23440
23437
23434
23434
23433
23432
23430
23424
23424
23423
23422
23419
23418
23415
23406
23400
23394
23384
23383
23381
23377
23376
23375
23374
23374
23373
23369
23369
23361
23353
23352
23351
23349
23348
23329
23328
23325
23324
23318
23315
23309
23309
23308
23305
23305
23304
23296
23294
23289
23287
23286
23274
23273
23271
23270
23269
23267
23267
23260
23258
23254
23249
23249
23247
23244
23242
23241
23240
23239
23238
23232
23227
23218
23216
23210
23209
23207
23206
23201
23199
23196
23196
23196
23191
23185
23175
23167
23163
23160
23155
23153
23146
23132
23130
23130
23128
23125
23124
23122
23117
23117
23116
23110
23109
23105
23103
23101
23087
23077
23076
23074
23072
23068
23067
23067
23066
23065
23057
23055
23051
23048
23048
23044
23040
23035
23034
23034
23033
23032
23030
23030
23028
23023
23018
23002
22999
22994
22991
22987
22981
22980
22973
22967
22967
22961
22961
22954
22954
22953
22952
22947
22942
22934
22934
22925
22922
22910
22907
22904
22897
22883
22877
22875
22874
22873
22870
22868
22868
22864
22861
22859
22856
22850
22848
22845
22841
22838
22836
22831
22829
22826
22825
22825
22819
22818
22815
22814
22812
22810
22809
22806
22797
22796
22796
22795
22795
22793
22788
22784
22779
22772
22771
22770
22770
22769
22766
22757
22756
22753
22752
22750
22736
22736
22735
22734
22729
22725
22725
22722
22718
22718
22716
22714
22708
22707
22706
22671
22657
22654
22653
22649
22649
22646
22646
22639
22638
22638
22638
22632
22632
22631
22631
22626
22620
22618
22617
22616
22606
22603
22603
22601
22601
22601
22600
22590
22590
22588
22587
22582
22580
22580
22580
22577
22577
22574
22569
22561
22560
22559
22559
22555
22550
22546
22540
22539
22539
22537
22524
22521
22508
22506
22506
22504
22499
22488
22480
22480
22476
22471
22462
22458
22452
22446
22440
22419
22417
22415
22415
22410
22408
22408
22399
22398
22396
22393
22384
22382
22380
22379
22372
22369
22368
22365
22364
22362
22360
22358
22357
22354
22350
22345
22342
22335
22335
22332
22330
22328
22326
22325
22322
22321
22321
22318
22309
22304
22294
22293
22292
22286
22284
22279
22272
22271
22261
22252
22250
22249
22249
22247
22247
22246
22234
22234
22233
22232
22227
22226
22225
22224
22223
22222
22214
22208
22204
22200
22199
22199
22198
22198
22188
22185
22184
22180
22178
22172
22170
22167
22165
22160
22159
22154
22152
22150
22147
22144
22139
22138
22137
22132
22131
22129
22127
22125
22116
22115
22109
22108
22103
22103
22102
22100
22095
22093
22090
22084
22076
22068
22066
22061
22059
22055
22054
22051
22042
22040
22037
22036
22034
22034
22033
22032
22029
22024
22020
22020
22020
22019
22013
22012
22007
22006
22000
21994
21993
21992
21983
21977
21975
21971
21971
21970
21969
21967
21967
21965
21961
21958
21948
21947
21941
21936
21935
21927
21927
21926
21921
21920
21918
21909
21908
21900
21899
21891
21889
21887
21886
21884
21883
21882
21870
21865
21860
21856
21855
21850
21849
21845
21845
21841
21836
21832
21828
21824
21819
21813
21811
21810
21796
21792
21792
21788
21788
21783
21781
21779
21778
21775
21771
21769
21764
21764
21759
21758
21755
21754
21752
21751
21750
21744
21740
21738
21725
21724
21715
21714
21708
21708
21706
21703
21698
21697
21696
21696
21693
21691
21689
21687
21686
21681
21680
21673
21667
21662
21656
21652
21651
21646
21645
21645
21642
21639
21636
21635
21631
21629
21629
21624
21619
21608
21605
21604
21604
21604
21598
21598
21596
21596
21595
21593
21586
21585
21580
21578
21577
21567
21566
21560
21557
21555
21547
21547
21547
21543
21543
21537
21532
21513
21510
21509
21506
21504
21497
21492
21492
21485
21470
21468
21467
21466
21461
21458
21451
21450
21443
21441
21441
21439
21435
21433
21430
21430
21430
21427
21423
21416
21414
21413
21411
21410
21408
21392
21391
21384
21384
21382
21379
21375
21372
21371
21366
21364
21359
21359
21353
21353
21343
21342
21335
21335
21334
21334
21331
21331
21328
21325
21319
21318
21317
21316
21316
21314
21312
21308
21304
21303
21303
21302
21299
21292
21289
21288
21287
21285
21281
21277
21274
21268
21261
21259
21254
21253
21247
21247
21245
21244
21238
21235
21234
21232
21231
21226
21221
21216
21212
21212
21207
21207
21204
21199
21199
21193
21193
21190
21182
21180
21169
21167
21164
21163
21160
21159
21159
21149
21142
21136
21135
21129
21127
21118
21116
21115
21115
21110
21110
21109
21106
21105
21102
21095
21091
21090
21089
21086
21082
21078
21078
21075
21073
21068
21061
21057
21056
21055
21055
21054
21053
21052
21043
21042
21040
21033
21030
21029
21026
21025
21024
21019
21014
21003
21001
21001
21000
20995
20995
20992
20991
20989
20988
20985
20984
20984
20979
20973
20969
20967
20967
20964
20962
20956
20945
20940
20936
20934
20932
20932
20927
20927
20927
20926
20922
20920
20913
20911
20911
20910
20907
20903
20900
20899
20899
20897
20896
20892
20892
20891
20887
20885
20885
20885
20876
20872
20866
20865
20864
20864
20863
20863
20863
20863
20858
20856
20850
20850
20847
20838
20833
20829
20826
20824
20821
20816
20815
20809
20807
20804
20802
20798
20798
20794
20790
20789
20789
20784
20784
20779
20779
20776
20767
20767
20762
20760
20757
20752
20743
20736
20733
20731
20728
20727
20726
20721
20720
20712
20709
20708
20705
20698
20697
20695
20693
20690
20688
20687
20685
20676
20672
20669
20668
20664
20657
20656
20656
20654
20647
20645
20644
20636
20627
20620
20619
20619
20619
20619
20613
20612
20609
20605
20602
20600
20595
20594
20594
20590
20588
20587
20586
20582
20578
20572
20568
20566
20565
20563
20559
20555
20546
20543
20540
20539
20538
20537
20537
20532
20532
20531
20531
20530
20529
20527
20527
20524
20524
20523
20522
20518
20515
20502
20502
20497
20491
20489
20486
20482
20481
20480
20479
20476
20476
20471
20461
20454
20449
20446
20442
20440
20439
20436
20427
20426
20422
20422
20419
20414
20406
20405
20405
20402
20401
20398
20392
20389
20387
20379
20379
20373
20373
20368
20368
20363
20354
20347
20340
20339
20333
20333
20330
20329
20329
20327
20326
20323
20314
20314
20311
20308
20304
20300
20296
20294
20289
20285
20285
20284
20281
20279
20277
20270
20268
20264
20261
20259
20256
20249
20246
20244
20239
20233
20225
20225
20222
20221
20218
20217
20215
20213
20208
20205
20202
20202
20197
20193
20190
20183
20183
20179
20173
20173
20168
20167
20165
20164
20164
20163
20158
20158
20151
20144
20133
20133
20133
20129
20111
20111
20108
20103
20100
20098
20096
20091
20091
20090
20085
20085
20085
20082
20072
20071
20062
20059
20053
20045
20044
20042
20042
20041
20041
20039
20024
20023
20021
20019
20019
20016
20015
20013
20013
20012
20009
20007
20001
19992
19990
19979
19971
19969
19967
19966
19963
19958
19949
19938
19934
19931
19922
19915
19915
19913
19912
19910
19906
19902
19902
19896
19895
19892
19886
19886
19880
19880
19874
19873
19869
19859
19856
19854
19854
19853
19851
19845
19840
19834
19832
19829
19828
19826
19825
19824
19820
19816
19815
19812
19811
19808
19804
19802
19795
19794
19793
19787
19786
19780
19777
19777
19776
19759
19753
19753
19749
19739
19736
19735
19730
19727
19725
19725
19723
19721
19716
19715
19710
19710
19710
19709
19705
19700
19698
19697
19685
19681
19677
19676
19676
19675
19674
19673
19665
19663
19661
19660
19658
19657
19653
19646
19644
19635
19634
19629
19626
19625
19623
19622
19620
19618
19609
19605
19603
19600
19598
19594
19592
19585
19579
19576
19575
19573
19570
19559
19551
19546
19544
19541
19538
19532
19522
19518
19517
19509
19505
19504
19503
19502
19501
19498
19496
19494
19492
19489
19488
19487
19486
19483
19481
19480
19480
19475
19470
19470
19463
19461
19460
19458
19438
19438
19437
19432
19430
19428
19427
19425
19423
19423
19415
19412
19411
19411
19404
19392
19390
19387
19387
19381
19375
19374
19374
19372
19368
19367
19367
19366
19362
19361
19361
19361
19361
19359
19353
19350
19350
19348
19347
19335
19332
19331
19330
19327
19326
19326
19325
19324
19323
19322
19319
19319
19317
19314
19312
19308
19305
19301
19297
19297
19295
19292
19291
19290
19289
19286
19285
19271
19270
19268
19268
19267
19266
19266
19264
19262
19256
19254
19246
19244
19243
19240
19239
19238
19237
19230
19227
19225
19222
19212
19208
19208
19208
19200
19200
19197
19187
19186
19184
19184
19183
19182
19179
19178
19164
19163
19161
19159
19157
19157
19151
19148
19147
19146
19140
19140
19138
19136
19134
19134
19133
19133
19130
19129
19127
19122
19119
19118
19118
19116
19113
19107
19107
19099
19086
19080
19078
19075
19071
19070
19069
19065
19062
19061
19060
19057
19053
19053
19050
19049
19044
19044
19043
19043
19043
19041
19036
19032
19030
19030
19030
19028
19015
19008
18997
18997
18993
18989
18987
18985
18984
18981
18979
18977
18976
18976
18974
18970
18968
18965
18955
18952
18952
18951
18950
18947
18946
18945
18944
18944
18943
18942
18934
18934
18933
18932
18926
18925
18923
18923
18920
18920
18916
18915
18915
18912
18912
18912
18912
18911
18911
18906
18903
18902
18901
18892
18890
18885
18881
18876
18875
18873
18873
18858
18857
18847
18847
18846
18844
18840
18838
18833
18828
18827
18825
18825
18823
18822
18820
18819
18819
18813
18807
18803
18797
18795
18792
18791
18787
18786
18785
18784
18780
18773
18770
18769
18768
18768
18767
18763
18753
18752
18750
18749
18742
18741
18741
18734
18732
18731
18728
18724
18720
18718
18718
18712
18709
18704
18704
18702
18698
18697
18692
18688
18685
18668
18667
18664
18663
18659
18659
18651
18650
18640
18640
18636
18634
18628
18626
18624
18624
18623
18622
18620
18618
18613
18613
18612
18610
18606
18605
18602
18602
18602
18580
18578
18573
18571
18570
18570
18563
18562
18551
18539
18537
18527
18527
18527
18525
18517
18513
18510
18509
18506
18504
18504
18502
18498
18497
18497
18491
18486
18468
18467
18461
18458
18453
18453
18448
18441
18440
18440
18432
18422
18421
18420
18412
18405
18405
18403
18399
18397
18392
18385
18383
18381
18378
18370
18365
18362
18361
18355
18349
18344
18340
18339
18335
18334
18320
18318
18316
18314
18309
18305
18303
18303
18301
18293
18292
18289
18287
18279
18277
18275
18274
18273
18257
18257
18254
18247
18247
18242
18235
18234
18232
18231
18228
18223
18223
18222
18215
18205
18198
18198
18196
18194
18188
18180
18178
18176
18175
18174
18169
18167
18166
18165
18163
18160
18157
18156
18155
18154
18152
18140
18134
18134
18133
18128
18126
18126
18124
18121
18120
18117
18117
18108
18106
18104
18104
18094
18090
18088
18083
18081
18079
18078
18077
18074
18074
18069
18068
18066
18066
18065
18063
18058
18058
18057
18056
18056
18047
18047
18045
18044
18038
18033
18032
18020
18016
18014
18009
18007
18006
18004
18004
17999
17995
17992
17988
17984
17979
17966
17958
17949
17948
17940
17925
17924
17921
17919
17915
17912
17911
17901
17901
17898
17898
17894
17894
17894
17888
17886
17879
17872
17870
17868
17863
17860
17853
17851
17850
17846
17845
17833
17824
17823
17821
17820
17810
17802
17794
17794
17791
17788
17784
17781
17778
17777
17772
17768
17768
17767
17767
17766
17762
17759
17754
17746
17746
17742
17742
17733
17728
17721
17719
17716
17713
17712
17709
17704
17702
17700
17696
17689
17688
17686
17684
17684
17679
17677
17666
17653
17646
17645
17637
17630
17626
17616
17616
17615
17614
17612
17606
17605
17604
17601
17600
17598
17596
17593
17591
17586
17584
17583
17577
17577
17577
17577
17575
17567
17566
17563
17563
17557
17556
17555
17555
17554
17544
17543
17541
17539
17530
17528
17524
17523
17521
17520
17519
17514
17514
17510
17509
17509
17505
17495
17489
17485
17480
17473
17468
17464
17457
17452
17443
17442
17438
17438
17436
17426
17424
17420
17420
17419
17418
17417
17412
17411
17411
17408
17407
17405
17404
17402
17399
17395
17390
17385
17375
17370
17368
17366
17363
17360
17354
17353
17351
17350
17349
17345
17345
17342
17335
17334
17330
17328
17327
17324
17322
17322
17320
17311
17311
17308
17307
17304
17298
17296
17284
17284
17283
17282
17278
17270
17268
17267
17266
17265
17263
17261
17261
17258
17258
17256
17256
17251
17249
17244
17240
17237
17229
17227
17227
17226
17216
17215
17210
17200
17200
17194
17190
17190
17189
17180
17177
17176
17170
17166
17160
17148
17146
17138
17130
17129
17128
17128
17127
17123
17121
17118
17114
17113
17111
17104
17102
17099
17095
17092
17092
17081
17080
17078
17077
17075
17071
17067
17064
17059
17056
17054
17052
17051
17049
17046
17046
17042
17040
17039
17033
17030
17030
17026
17024
17023
17021
17020
17018
17016
17013
17013
17012
17008
17007
17006
17005
17003
16994
16991
16990
16988
16988
16988
16984
16980
16974
16958
16957
16955
16947
16941
16931
16926
16920
16911
16910
16910
16903
16899
16898
16896
16893
16892
16892
16889
16885
16879
16875
16875
16871
16867
16866
16856
16854
16854
16853
16853
16851
16851
16849
16847
16840
16838
16831
16830
16826
16826
16825
16825
16824
16821
16818
16815
16815
16807
16803
16802
16791
16791
16790
16785
16784
16779
16773
16764
16763
16756
16754
16748
16747
16746
16745
16743
16743
16737
16737
16733
16732
16732
16730
16729
16725
16722
16715
16710
16710
16707
16701
16701
16694
16694
16691
16686
16684
16676
16671
16666
16663
16662
16659
16658
16657
16655
16652
16649
16641
16639
16637
16636
16633
16633
16633
16630
16625
16621
16607
16605
16601
16599
16592
16586
16581
16580
16577
16577
16575
16573
16572
16570
16569
16566
16563
16560
16553
16546
16543
16542
16541
16538
16535
16535
16533
16531
16526
16525
16525
16522
16516
16515
16513
16501
16495
16490
16489
16484
16477
16477
16476
16475
16473
16468
16457
16455
16454
16454
16453
16448
16445
16442
16433
16430
16430
16426
16425
16424
16420
16419
16400
16398
16392
16389
16386
16386
16382
16380
16379
16376
16370
16362
16362
16362
16353
16353
16348
16346
16341
16340
16340
16339
16333
16329
16328
16328
16324
16319
16319
16317
16314
16313
16310
16302
16302
16301
16299
16295
16293
16292
16292
16291
16286
16285
16283
16282
16280
16274
16274
16274
16273
16268
16267
16266
16262
16261
16261
16259
16257
16256
16253
16250
16250
16246
16245
16245
16242
16242
16232
16217
16216
16212
16209
16207
16206
16200
16196
16196
16196
16193
16188
16188
16184
16179
16178
16178
16161
16159
16158
16153
16153
16147
16142
16137
16136
16134
16129
16128
16126
16126
16121
16106
16106
16104
16100
16094
16091
16088
16084
16076
16065
16060
16060
16057
16054
16045
16040
16039
16035
16030
16026
16024
16021
16021
16016
16014
16011
15992
15988
15984
15981
15980
15978
15976
15975
15969
15959
15949
15947
15939
15929
15926
15923
15918
15917
15910
15901
15901
15898
15893
15888
15888
15885
15884
15882
15882
15880
15877
15870
15869
15862
15862
15861
15859
15856
15853
15849
15842
15842
15838
15835
15832
15825
15824
15822
15821
15815
15810
15807
15806
15805
15796
15796
15792
15788
15779
15778
15776
15766
15756
15755
15718
15717
15716
15712
15708
15704
15699
15699
15692
15691
15691
15688
15686
15682
15679
15677
15673
15671
15671
15670
15669
15663
15662
15659
15649
15646
15644
15639
15635
15623
15619
15617
15603
15600
15599
15599
15596
15596
15594
15592
15588
15586
15584
15583
15581
15579
15577
15576
15573
15563
15562
15558
15552
15550
15543
15539
15537
15536
15534
15521
15519
15518
15517
15512
15505
15504
15502
15499
15498
15497
15491
15487
15477
15476
15475
15475
15474
15473
15473
15472
15472
15469
15468
15467
15466
15464
15454
15453
15453
15447
15446
15441
15439
15435
15434
15433
15432
15432
15431
15431
15431
15425
15416
15409
15407
15407
15406
15402
15397
15393
15392
15391
15387
15381
15381
15377
15377
15372
15367
15367
15363
15363
15357
15354
15343
15343
15342
15341
15341
15339
15337
15337
15335
15332
15331
15326
15326
15325
15319
15319
15314
15312
15310
15294
15290
15287
15286
15283
15278
15264
15261
15259
15253
15251
15246
15242
15240
15231
15228
15227
15225
15221
15210
15205
15196
15193
15192
15182
15181
15179
15177
15173
15171
15149
15145
15144
15134
15130
15130
15126
15124
15124
15123
15121
15119
15118
15117
15112
15112
15103
15102
15097
15094
15088
15088
15083
15081
15080
15079
15078
15078
15078
15076
15073
15072
15072
15064
15060
15056
15054
15051
15050
15046
15043
15043
15042
15041
15038
15031
15031
15028
15025
15023
15021
15018
15012
15006
15005
15004
15001
14999
14997
14995
14994
14984
14983
14975
14974
14973
14972
14971
14963
14963
14961
14957
14952
14951
14948
14945
14945
14943
14942
14939
14935
14935
14931
14928
14924
14923
14922
14922
14918
14917
14915
14914
14912
14908
14903
14900
14887
14886
14884
14877
14872
14867
14858
14856
14852
14847
14844
14842
14838
14837
14836
14833
14832
14825
14816
14804
14803
14797
14791
14789
14788
14775
14767
14767
14765
14765
14759
14758
14751
14749
14744
14744
14728
14726
14722
14714
14713
14712
14709
14704
14703
14701
14696
14692
14692
14691
14691
14688
14687
14682
14673
14668
14667
14666
14662
14645
14645
14644
14643
14640
14638
14637
14632
14617
14613
14612
14609
14605
14601
14598
14589
14587
14585
14583
14577
14575
14575
14572
14572
14569
14551
14547
14546
14544
14539
14539
14538
14534
14533
14531
14529
14528
14528
14526
14522
14515
14509
14508
14506
14506
14502
14502
14500
14499
14498
14497
14495
14495
14493
14489
14482
14473
14469
14466
14465
14464
14464
14463
14462
14455
14449
14449
14446
14445
14436
14429
14422
14421
14417
14417
14417
14409
14400
14396
14392
14390
14388
14384
14370
14360
14359
14351
14349
14347
14338
14336
14322
14318
14314
14311
14311
14306
14302
14300
14295
14288
14283
14278
14275
14274
14274
14272
14270
14269
14265
14264
14264
14255
14254
14239
14231
14227
14225
14224
14221
14219
14216
14215
14215
14208
14200
14200
14198
14193
14192
14185
14180
14180
14175
14173
14160
14159
14158
14151
14148
14146
14134
14133
14133
14125
14120
14107
14104
14099
14088
14085
14080
14076
14074
14073
14072
14070
14070
14069
14068
14064
14057
14056
14053
14052
14049
14048
14046
14043
14041
14041
14033
14029
14029
14029
14027
14022
14018
14017
14016
14010
14006
14005
14004
13998
13996
13989
13986
13985
13984
13981
13980
13961
13958
13954
13953
13953
13948
13946
13942
13941
13939
13935
13932
13929
13927
13927
13926
13925
13921
13920
13918
13917
13910
13905
13902
13898
13898
13896
13893
13887
13886
13884
13883
13881
13879
13878
13877
13877
13871
13869
13865
13864
13864
13864
13862
13857
13856
13855
13853
13853
13852
13851
13851
13844
13840
13837
13835
13835
13834
13832
13822
13819
13816
13814
13808
13805
13802
13799
13794
13790
13788
13787
13787
13785
13784
13780
13780
13774
13774
13772
13769
13767
13765
13759
13757
13754
13750
13748
13736
13736
13735
13723
13712
13691
13689
13688
13684
13684
13679
13676
13672
13669
13664
13663
13662
13662
13657
13656
13653
13649
13649
13648
13641
13635
13626
13625
13625
13624
13621
13621
13619
13617
13613
13611
13608
13601
13600
13600
13599
13595
13590
13588
13587
13584
13583
13582
13575
13569
13568
13562
13560
13559
13557
13556
13546
13545
13544
13540
13537
13537
13529
13529
13517
13515
13508
13504
13503
13492
13492
13491
13484
13478
13476
13465
13462
13460
13458
13457
13457
13457
13454
13442
13434
13433
13422
13416
13406
13396
13394
13387
13380
13378
13370
13367
13366
13365
13365
13360
13358
13354
13353
13349
13349
13348
13346
13346
13346
13346
13345
13344
13343
13341
13340
13340
13333
13330
13330
13328
13325
13320
13318
13318
13314
13313
13309
13305
13303
13301
13297
13296
13296
13296
13296
13286
13280
13280
13277
13273
13273
13270
13270
13270
13268
13268
13266
13259
13254
13243
13240
13240
13237
13235
13231
13228
13219
13219
13218
13211
13208
13202
13202
13199
13198
13198
13196
13196
13193
13193
13192
13188
13185
13183
13183
13180
13168
13161
13160
13156
13151
13146
13144
13141
13137
13135
13135
13134
13133
13128
13118
13111
13109
13108
13104
13103
13102
13102
13102
13097
13095
13082
13074
13073
13072
13069
13067
13065
13063
13063
13062
13061
13061
13061
13059
13057
13056
13050
13050
13049
13029
13029
13029
13027
13022
13022
13020
13014
13013
13012
13010
13010
13008
13005
13004
12993
12990
12985
12984
12984
12983
12978
12975
12972
12970
12969
12968
12958
12949
12949
12948
12947
12932
12932
12931
12929
12925
12924
12923
12921
12912
12911
12907
12895
12885
12880
12877
12875
12871
12868
12868
12867
12857
12855
12855
12852
12848
12837
12836
12833
12832
12827
12824
12823
12819
12815
12811
12803
12800
12798
12796
12793
12792
12791
12789
12789
12786
12778
12771
12761
12760
12758
12758
12757
12756
12756
12751
12751
12745
12744
12742
12742
12735
12735
12733
12732
12729
12721
12716
12706
12693
12692
12688
12685
12685
12682
12681
12672
12667
12665
12665
12663
12661
12658
12655
12645
12640
12639
12637
12633
12627
12626
12622
12622
12621
12620
12617
12613
12611
12607
12605
12604
12602
12600
12589
12582
12581
12578
12578
12577
12576
12572
12570
12565
12561
12558
12557
12555
12555
12554
12551
12549
12547
12542
12542
12541
12534
12534
12532
12528
12525
12524
12523
12516
12513
12510
12509
12505
12503
12502
12502
12498
12496
12493
12483
12481
12476
12475
12474
12471
12471
12468
12465
12464
12464
12459
12458
12456
12455
12453
12451
12444
12441
12435
12420
12418
12415
12414
12409
12408
12406
12405
12404
12403
12398
12396
12395
12390
12388
12380
12380
12374
12373
12372
12366
12365
12364
12361
12356
12356
12342
12341
12337
12336
12333
12333
12331
12326
12323
12316
12311
12311
12309
12309
12302
12302
12301
12294
12291
12290
12286
12280
12274
12272
12265
12265
12261
12256
12251
12250
12249
12248
12246
12244
12244
12244
12240
12239
12230
12229
12227
12218
12214
12211
12210
12199
12198
12192
12189
12187
12186
12186
12179
12179
12177
12175
12171
12167
12164
12160
12156
12153
12151
12149
12146
12145
12139
12137
12136
12131
12124
12124
12123
12120
12117
12111
12110
12107
12104
12093
12079
12075
12062
12056
12050
12048
12044
12043
12041
12041
12035
12031
12029
12016
12014
12012
12011
12009
12004
12001
12001
12000
11995
11992
11991
11983
11983
11982
11980
11975
11972
11971
11963
11962
11960
11959
11952
11940
11940
11937
11929
11923
11922
11920
11916
11914
11911
11907
11904
11902
11897
11894
11888
11883
11883
11882
11880
11875
11875
11873
11872
11871
11870
11866
11866
11864
11862
11861
11858
11851
11848
11837
11837
11826
11818
11813
11811
11808
11804
11804
11801
11797
11794
11792
11790
11786
11774
11773
11772
11772
11766
11766
11766
11764
11758
11754
11753
11753
11751
11749
11747
11744
11743
11737
11731
11730
11728
11724
11719
11703
11700
11696
11695
11694
11692
11692
11691
11689
11688
11684
11681
11680
11672
11672
11671
11664
11664
11662
11661
11659
11657
11656
11650
11629
11620
11612
11612
11611
11605
11603
11592
11588
11579
11567
11565
11563
11562
11556
11556
11555
11555
11551
11547
11547
11546
11544
11541
11538
11538
11538
11535
11530
11530
11529
11529
11528
11526
11525
11524
11518
11515
11509
11508
11507
11494
11490
11488
11485
11482
11479
11476
11473
11467
11467
11467
11465
11458
11451
11448
11447
11445
11443
11442
11439
11437
11429
11425
11416
11414
11413
11406
11399
11397
11393
11390
11389
11385
11384
11380
11362
11362
11355
11353
11351
11350
11348
11347
11342
11334
11319
11318
11313
11307
11289
11285
11275
11271
11271
11270
11268
11266
11263
11262
11257
11252
11250
11248
11247
11242
11237
11229
11229
11225
11223
11220
11216
11214
11196
11194
11192
11191
11185
11185
11173
11167
11166
11166
11162
11156
11153
11151
11149
11148
11147
11146
11145
11143
11140
11138
11135
11132
11132
11130
11127
11127
11123
11121
11120
11117
11117
11114
11112
11109
11109
11102
11098
11098
11096
11092
11091
11091
11089
11087
11075
11070
11067
11066
11063
11061
11059
11050
11049
11046
11045
11044
11041
11039
11038
11036
11029
11027
11026
11024
11021
11018
11017
11013
10996
10994
10991
10988
10986
10984
10982
10982
10981
10979
10974
10967
10963
10961
10959
10952
10947
10947
10942
10942
10942
10938
10937
10934
10931
10928
10927
10924
10920
10916
10915
10911
10889
10884
10884
10882
10880
10879
10864
10857
10855
10854
10853
10851
10851
10849
10844
10841
10838
10836
10836
10832
10830
10825
10813
10811
10803
10801
10799
10799
10797
10791
10791
10786
10786
10786
10785
10784
10782
10779
10779
10771
10767
10765
10764
10762
10757
10755
10754
10746
10746
10741
10741
10740
10738
10736
10731
10727
10726
10723
10722
10719
10719
10718
10718
10718
10717
10714
10713
10711
10709
10709
10708
10707
10706
10705
10703
10698
10694
10692
10686
10686
10683
10673
10671
10670
10666
10666
10665
10649
10640
10633
10632
10627
10627
10618
10617
10615
10613
10612
10611
10607
10606
10600
10590
10588
10580
10577
10575
10575
10574
10571
10571
10567
10567
10567
10566
10563
10563
10560
10554
10546
10542
10534
10532
10530
10525
10524
10510
10507
10507
10506
10502
10494
10493
10492
10491
10488
10487
10482
10482
10477
10476
10474
10467
10465
10451
10446
10444
10444
10443
10443
10432
10430
10425
10419
10416
10406
10405
10402
10400
10395
10394
10382
10382
10375
10374
10372
10369
10365
10360
10355
10344
10343
10329
10329
10327
10325
10324
10324
10323
10322
10321
10321
10317
10315
10309
10308
10305
10302
10301
10298
10293
10291
10288
10288
10283
10281
10281
10281
10279
10276
10271
10269
10265
10265
10263
10259
10258
10253
10247
10245
10239
10230
10229
10229
10226
10224
10221
10214
10206
10205
10204
10204
10202
10197
10196
10190
10179
10178
10176
10174
10172
10172
10172
10170
10168
10165
10158
10155
10140
10132
10126
10123
10123
10121
10113
10104
10098
10094
10084
10080
10075
10069
10065
10063
10063
10061
10060
10060
10060
10049
10041
10039
10039
10034
10031
10027
10026
10025
10021
10019
10018
10012
10009
10001
9998
9992
9988
9988
9985
9982
9982
9978
9977
9975
9974
9972
9971
9971
9969
9969
9968
9965
9965
9953
9951
9947
9940
9939
9938
9932
9928
9924
9922
9919
9912
9912
9909
9904
9904
9903
9899
9892
9887
9884
9884
9882
9878
9878
9870
9869
9868
9866
9857
9853
9851
9851
9844
9843
9834
9830
9828
9828
9814
9807
9806
9803
9800
9799
9798
9790
9789
9784
9783
9778
9776
9775
9775
9775
9774
9772
9766
9759
9756
9756
9756
9756
9753
9750
9743
9740
9734
9733
9731
9724
9716
9710
9705
9703
9697
9689
9687
9687
9684
9682
9681
9679
9675
9673
9668
9667
9652
9644
9643
9634
9627
9623
9622
9622
9614
9610
9598
9598
9588
9583
9573
9569
9569
9569
9568
9568
9567
9566
9564
9563
9561
9555
9539
9537
9529
9525
9524
9519
9518
9517
9517
9513
9509
9508
9507
9506
9504
9504
9502
9499
9493
9491
9490
9489
9485
9480
9480
9477
9472
9469
9467
9465
9463
9452
9451
9451
9450
9436
9433
9429
9419
9412
9410
9406
9406
9405
9397
9396
9396
9394
9393
9388
9384
9384
9381
9380
9380
9378
9377
9374
9372
9366
9366
9363
9359
9349
9349
9348
9342
9341
9330
9330
9326
9322
9322
9320
9317
9315
9310
9309
9308
9305
9304
9297
9297
9292
9286
9283
9282
9275
9275
9274
9268
9268
9263
9261
9261
9260
9259
9255
9248
9243
9241
9239
9234
9232
9225
9224
9223
9219
9212
9211
9210
9204
9196
9196
9193
9190
9187
9186
9186
9180
9176
9175
9170
9169
9163
9156
9154
9152
9150
9149
9142
9139
9133
9130
9128
9127
9126
9126
9126
9122
9118
9117
9103
9074
9073
9069
9067
9066
9061
9058
9057
9053
9053
9052
9048
9043
9042
9037
9031
9030
9028
9017
9016
9013
9010
9009
9009
9008
9002
8999
8995
8993
8990
8977
8976
8972
8959
8956
8955
8955
8951
8951
8949
8947
8947
8939
8938
8937
8935
8935
8933
8922
8918
8918
8917
8907
8906
8905
8899
8899
8898
8895
8890
8887
8887
8885
8883
8879
8878
8872
8863
8858
8853
8853
8842
8837
8828
8825
8824
8816
8809
8808
8804
8800
8799
8798
8798
8796
8794
8789
8786
8786
8784
8770
8770
8770
8769
8767
8764
8763
8761
8757
8751
8750
8746
8745
8741
8733
8728
8727
8725
8724
8723
8722
8719
8719
8715
8705
8692
8691
8690
8687
8684
8684
8681
8681
8673
8672
8669
8664
8656
8653
8652
8652
8651
8648
8643
8639
8636
8633
8630
8630
8628
8626
8625
8625
8622
8621
8614
8613
8611
8611
8610
8602
8601
8599
8598
8597
8595
8591
8587
8582
8582
8581
8577
8575
8571
8570
8568
8568
8558
8552
8551
8545
8544
8543
8542
8537
8529
8529
8526
8525
8518
8515
8510
8501
8493
8487
8485
8484
8483
8481
8479
8474
8473
8471
8470
8470
8469
8469
8465
8457
8450
8449
8447
8446
8445
8444
8442
8441
8434
8425
8418
8409
8408
8402
8396
8395
8395
8392
8390
8388
8387
8380
8374
8367
8364
8360
8357
8356
8352
8350
8342
8337
8334
8332
8330
8328
8327
8327
8326
8319
8316
8313
8310
8309
8309
8307
8306
8301
8300
8295
8294
8292
8274
8273
8271
8266
8264
8263
8261
8261
8251
8250
8246
8245
8238
8237
8231
8228
8225
8223
8221
8216
8214
8213
8211
8204
8203
8199
8198
8196
8193
8190
8189
8188
8186
8181
8179
8173
8170
8165
8164
8161
8154
8141
8130
8130
8120
8120
8117
8116
8114
8111
8111
8111
8110
8108
8104
8100
8095
8094
8091
8088
8077
8074
8071
8056
8049
8048
8038
8033
8028
8027
8019
8010
8009
8008
8006
8002
7996
7993
7981
7981
7980
7973
7959
7951
7950
7948
7947
7941
7940
7940
7936
7934
7927
7926
7924
7923
7923
7911
7910
7907
7904
7877
7872
7866
7863
7858
7856
7854
7852
7851
7850
7849
7843
7843
7840
7830
7826
7824
7822
7822
7816
7814
7812
7804
7802
7801
7800
7798
7796
7793
7789
7787
7782
7775
7770
7769
7769
7760
7759
7757
7741
7740
7734
7733
7730
7723
7721
7718
7714
7709
7709
7708
7707
7701
7686
7684
7684
7684
7678
7675
7675
7670
7662
7659
7652
7622
7620
7618
7616
7609
7605
7605
7594
7593
7592
7591
7587
7577
7575
7574
7573
7564
7559
7556
7555
7553
7547
7536
7536
7532
7530
7530
7528
7528
7528
7526
7522
7511
7510
7509
7494
7494
7490
7489
7488
7479
7473
7467
7465
7458
7455
7455
7453
7453
7453
7451
7450
7450
7449
7448
7445
7443
7441
7439
7438
7434
7428
7426
7424
7424
7422
7417
7413
7412
7409
7403
7385
7385
7384
7382
7379
7379
7376
7374
7370
7366
7361
7359
7358
7351
7349
7342
7338
7335
7331
7328
7327
7324
7322
7320
7306
7298
7297
7295
7290
7286
7284
7283
7276
7271
7265
7264
7262
7261
7261
7260
7253
7252
7251
7251
7247
7243
7239
7237
7236
7231
7228
7227
7225
7225
7223
7219
7210
7202
7196
7193
7191
7186
7171
7170
7169
7169
7166
7166
7165
7164
7156
7156
7152
7149
7148
7142
7140
7140
7138
7134
7133
7129
7127
7126
7124
7122
7117
7114
7109
7100
7099
7098
7094
7090
7082
7081
7081
7081
7081
7078
7076
7064
7064
7053
7049
7048
7046
7044
7033
7032
7031
7029
7027
7026
7024
7018
7017
7016
7015
7015
7014
6995
6994
6991
6982
6971
6971
6965
6965
6965
6963
6963
6959
6952
6950
6948
6946
6945
6944
6944
6936
6932
6925
6925
6921
6920
6920
6920
6918
6916
6913
6907
6895
6894
6884
6883
6864
6859
6852
6850
6843
6843
6842
6838
6837
6836
6831
6831
6824
6816
6813
6810
6806
6800
6800
6797
6797
6797
6790
6789
6788
6786
6771
6769
6764
6761
6758
6747
6746
6744
6743
6742
6732
6732
6728
6725
6724
6723
6720
6720
6716
6711
6708
6704
6697
6687
6685
6685
6684
6676
6674
6673
6672
6668
6667
6665
6661
6653
6651
6648
6643
6639
6637
6637
6625
6625
6624
6622
6620
6617
6607
6603
6603
6601
6599
6598
6592
6580
6577
6571
6571
6571
6570
6567
6564
6562
6560
6558
6557
6547
6544
6542
6541
6539
6536
6536
6533
6526
6525
6522
6516
6513
6510
6510
6503
6496
6494
6492
6486
6482
6480
6480
6478
6478
6476
6474
6469
6468
6468
6466
6462
6461
6454
6451
6445
6438
6436
6431
6430
6430
6427
6425
6424
6424
6421
6407
6404
6403
6403
6402
6402
6399
6394
6385
6380
6379
6377
6375
6373
6373
6365
6364
6361
6359
6358
6353
6348
6347
6343
6341
6341
6340
6337
6337
6327
6326
6325
6323
6319
6318
6315
6314
6312
6311
6310
6308
6305
6304
6302
6297
6294
6292
6292
6290
6287
6285
6284
6279
6276
6270
6269
6267
6266
6259
6259
6256
6254
6251
6247
6242
6235
6234
6234
6231
6231
6221
6213
6212
6211
6210
6210
6208
6206
6201
6197
6193
6190
6187
6183
6174
6167
6167
6167
6164
6163
6155
6153
6153
6151
6149
6147
6146
6144
6141
6136
6135
6131
6127
6127
6126
6126
6121
6120
6114
6112
6110
6109
6108
6106
6094
6094
6092
6089
6086
6085
6084
6083
6082
6079
6078
6072
6064
6057
6056
6054
6053
6051
6050
6047
6046
6040
6037
6036
6035
6034
6032
6029
6027
6026
6025
6025
6023
6021
6016
6010
6009
6006
6001
5994
5991
5988
5981
5979
5976
5973
5971
5965
5961
5959
5954
5952
5950
5947
5943
5940
5934
5930
5922
5919
5913
5912
5911
5903
5902
5901
5901
5897
5897
5894
5886
5886
5883
5882
5882
5881
5879
5878
5877
5877
5866
5865
5864
5860
5856
5854
5838
5833
5833
5832
5824
5821
5820
5820
5814
5814
5813
5812
5812
5811
5793
5789
5786
5783
5782
5782
5781
5777
5776
5774
5774
5771
5769
5768
5754
5749
5746
5737
5731
5722
5719
5718
5709
5708
5704
5704
5701
5701
5699
5693
5693
5690
5683
5680
5679
5677
5676
5675
5672
5662
5658
5658
5647
5639
5639
5638
5634
5633
5615
5609
5602
5602
5593
5592
5583
5578
5574
5564
5561
5561
5555
5554
5552
5552
5551
5551
5544
5544
5541
5539
5536
5536
5535
5532
5528
5527
5523
5519
5519
5519
5518
5517
5513
5510
5505
5503
5501
5501
5498
5495
5492
5489
5488
5483
5481
5480
5480
5478
5476
5474
5471
5468
5460
5459
5453
5451
5450
5449
5445
5443
5440
5440
5439
5434
5429
5429
5424
5424
5423
5419
5419
5414
5413
5411
5405
5402
5401
5397
5396
5387
5379
5377
5376
5375
5372
5370
5362
5350
5343
5338
5327
5325
5321
5321
5309
5309
5285
5281
5272
5268
5265
5265
5258
5256
5254
5251
5239
5239
5235
5233
5218
5217
5203
5196
5193
5191
5186
5182
5179
5174
5169
5167
5162
5161
5155
5155
5138
5135
5131
5131
5117
5117
5115
5114
5111
5095
5092
5092
5086
5085
5080
5072
5068
5068
5059
5058
5058
5056
5052
5051
5049
5046
5045
5041
5041
5039
5037
5037
5036
5022
5021
5021
5019
5014
5010
5009
5009
5008
5006
5003
5002
4998
4996
4996
4995
4983
4983
4979
4978
4977
4971
4967
4963
4963
4962
4958
4957
4955
4947
4945
4944
4939
4937
4930
4930
4925
4925
4922
4917
4916
4915
4902
4897
4892
4890
4883
4881
4877
4875
4870
4866
4861
4859
4853
4842
4838
4836
4834
4834
4829
4825
4824
4821
4817
4808
4804
4791
4776
4776
4773
4765
4761
4760
4754
4751
4748
4746
4745
4739
4739
4737
4733
4729
4728
4727
4722
4720
4719
4718
4715
4713
4701
4701
4699
4699
4698
4696
4691
4688
4685
4675
4673
4672
4668
4666
4642
4641
4640
4639
4634
4633
4630
4626
4624
4619
4619
4618
4611
4610
4609
4607
4604
4604
4603
4602
4601
4600
4599
4596
4593
4590
4583
4578
4578
4575
4570
4567
4566
4565
4564
4558
4557
4554
4545
4541
4540
4527
4517
4516
4508
4505
4500
4493
4492
4485
4472
4468
4466
4465
4464
4462
4458
4452
4451
4451
4442
4436
4434
4433
4417
4417
4416
4414
4412
4411
4407
4406
4399
4389
4382
4379
4378
4371
4368
4365
4365
4364
4362
4358
4352
4349
4347
4347
4343
4339
4339
4338
4336
4332
4324
4322
4315
4305
4300
4298
4297
4295
4292
4290
4286
4279
4276
4275
4267
4263
4260
4258
4256
4251
4241
4232
4223
4221
4217
4217
4214
4198
4196
4190
4175
4168
4167
4163
4162
4161
4158
4156
4155
4155
4151
4149
4147
4145
4144
4141
4140
4137
4133
4132
4125
4123
4121
4116
4113
4111
4110
4105
4098
4093
4093
4092
4091
4087
4086
4085
4078
4074
4058
4055
4054
4054
4053
4047
4047
4044
4044
4044
4044
4029
4028
4024
4010
4008
4007
4006
4006
4003
4000
4000
3999
3998
3996
3996
3994
3993
3990
3985
3980
3972
3965
3961
3958
3956
3953
3952
3947
3947
3943
3940
3939
3921
3916
3914
3913
3908
3904
3902
3902
3900
3896
3896
3893
3887
3886
3884
3881
3877
3870
3870
3866
3860
3857
3853
3853
3852
3852
3851
3839
3836
3834
3832
3828
3827
3824
3824
3821
3816
3812
3806
3802
3799
3798
3795
3795
3789
3785
3782
3781
3777
3776
3773
3770
3769
3768
3767
3762
3761
3754
3749
3748
3747
3747
3746
3743
3743
3741
3739
3732
3731
3730
3728
3725
3721
3717
3705
3704
3702
3698
3697
3695
3695
3686
3676
3675
3674
3674
3673
3673
3670
3668
3667
3666
3665
3665
3663
3653
3651
3641
3630
3628
3624
3619
3600
3598
3598
3596
3596
3594
3593
3590
3590
3587
3585
3583
3583
3582
3576
3568
3559
3559
3550
3548
3547
3546
3544
3541
3538
3538
3536
3532
3528
3525
3514
3503
3502
3499
3496
3487
3487
3486
3486
3483
3478
3476
3476
3470
3469
3466
3466
3464
3460
3456
3452
3452
3449
3447
3445
3441
3437
3431
3430
3430
3428
3428
3427
3426
3423
3423
3422
3422
3417
3405
3402
3396
3394
3394
3392
3390
3385
3383
3379
3369
3365
3358
3356
3349
3344
3342
3340
3333
3329
3326
3322
3321
3320
3317
3316
3315
3307
3307
3305
3302
3297
3296
3294
3289
3287
3285
3279
3278
3278
3277
3277
3275
3275
3270
3269
3263
3259
3258
3257
3251
3251
3248
3247
3246
3242
3239
3227
3225
3225
3225
3224
3222
3218
3218
3212
3210
3210
3207
3198
3196
3187
3185
3182
3175
3174
3171
3171
3168
3160
3160
3151
3143
3140
3135
3129
3126
3122
3119
3119
3115
3115
3114
3106
3100
3100
3096
3095
3093
3091
3088
3084
3083
3078
3076
3074
3072
3070
3066
3062
3058
3057
3056
3044
3028
3027
3027
3024
3018
3018
3013
3012
3009
3008
2994
2993
2991
2986
2981
2980
2977
2976
2975
2974
2968
2968
2959
2954
2949
2948
2947
2943
2941
2937
2937
2928
2927
2924
2924
2923
2920
2916
2913
2910
2909
2903
2902
2902
2898
2893
2891
2889
2880
2876
2876
2871
2868
2865
2862
2858
2858
2858
2858
2841
2839
2835
2834
2832
2826
2819
2811
2799
2796
2795
2795
2792
2787
2784
2783
2772
2769
2766
2764
2759
2759
2757
2756
2753
2749
2748
2746
2745
2735
2733
2733
2733
2732
2727
2725
2722
2720
2719
2716
2714
2710
2706
2706
2705
2705
2700
2694
2692
2690
2690
2689
2689
2685
2685
2684
2684
2681
2679
2679
2673
2673
2670
2662
2662
2661
2660
2655
2654
2654
2645
2644
2640
2640
2638
2629
2626
2626
2625
2619
2619
2617
2604
2597
2595
2591
2590
2589
2584
2583
2579
2575
2567
2563
2562
2554
2554
2550
2550
2546
2545
2544
2543
2540
2537
2534
2532
2532
2532
2532
2529
2521
2513
2512
2512
2512
2511
2510
2504
2502
2494
2493
2493
2483
2483
2481
2475
2472
2471
2469
2467
2465
2463
2463
2462
2460
2458
2457
2446
2440
2435
2430
2427
2426
2425
2422
2418
2417
2408
2404
2401
2395
2394
2388
2387
2386
2385
2381
2380
2376
2376
2374
2362
2358
2356
2356
2354
2351
2350
2348
2347
2344
2331
2330
2329
2323
2323
2322
2302
2301
2300
2300
2299
2296
2296
2294
2283
2281
2280
2278
2276
2275
2274
2273
2273
2271
2270
2268
2267
2267
2266
2264
2260
2255
2253
2252
2251
2250
2250
2249
2245
2243
2239
2237
2236
2232
2221
2215
2214
2210
2207
2202
2200
2192
2189
2189
2186
2186
2186
2185
2179
2178
2175
2174
2174
2163
2161
2161
2160
2160
2157
2156
2155
2155
2152
2150
2146
2145
2142
2141
2139
2137
2135
2135
2135
2133
2131
2127
2125
2123
2119
2116
2112
2094
2092
2090
2085
2085
2083
2074
2073
2073
2071
2070
2058
2057
2047
2047
2044
2039
2037
2035
2035
2031
2026
2019
2018
2018
2018
2017
2016
2013
2011
2008
2005
2001
1996
1996
1994
1990
1976
1970
1961
1961
1953
1946
1946
1943
1940
1940
1939
1934
1932
1931
1927
1923
1922
1920
1914
1912
1912
1909
1909
1906
1906
1904
1903
1897
1897
1894
1891
1891
1888
1884
1884
1883
1881
1876
1872
1870
1869
1868
1868
1861
1861
1850
1846
1842
1841
1832
1832
1831
1804
1803
1800
1798
1798
1797
1791
1789
1788
1787
1779
1776
1771
1763
1763
1759
1759
1759
1758
1754
1753
1750
1733
1722
1710
1710
1709
1707
1704
1704
1702
1701
1698
1691
1687
1679
1673
1669
1662
1661
1651
1650
1641
1640
1638
1637
1636
1635
1631
1627
1620
1615
1611
1609
1608
1607
1607
1603
1598
1597
1596
1595
1594
1587
1585
1579
1568
1567
1565
1560
1557
1556
1555
1550
1550
1549
1543
1538
1534
1530
1524
1522
1521
1517
1508
1508
1507
1506
1494
1492
1486
1478
1467
1467
1466
1466
1465
1462
1458
1452
1451
1448
1447
1447
1443
1440
1435
1434
1430
1423
1423
1418
1416
1404
1400
1397
1391
1390
1389
1388
1384
1384
1373
1369
1362
1361
1357
1355
1354
1352
1351
1346
1345
1345
1342
1337
1337
1327
1325
1325
1320
1318
1316
1314
1311
1309
1302
1301
1292
1286
1284
1282
1277
1275
1272
1269
1268
1263
1253
1253
1248
1246
1242
1229
1229
1228
1222
1220
1218
1217
1213
1205
1202
1199
1190
1188
1188
1184
1175
1170
1167
1159
1158
1153
1152
1151
1147
1140
1139
1135
1132
1131
1126
1122
1122
1120
1115
1113
1103
1098
1098
1093
1088
1083
1082
1079
1079
1077
1076
1070
1069
1067
1060
1060
1060
1052
1042
1039
1035
1035
1033
1020
1019
1011
1011
1010
1010
1000
998
995
989
984
984
983
982
981
980
979
969
969
966
963
960
958
951
949
949
947
942
941
935
929
920
917
917
914
913
913
902
902
900
881
879
878
867
864
858
857
851
844
841
841
838
835
833
827
827
817
817
813
808
804
801
800
799
796
796
793
792
791
785
784
777
776
775
771
768
765
765
760
759
759
758
755
754
752
750
747
745
744
741
734
726
726
718
715
709
709
705
699
699
697
695
688
686
684
682
679
673
664
661
658
656
648
644
644
642
631
626
623
622
620
617
612
609
609
608
600
594
593
592
591
588
587
585
580
578
578
574
572
563
561
556
554
553
552
544
540
540
539
537
536
534
530
528
524
523
522
516
514
500
497
494
489
481
474
471
470
466
466
465
460
456
453
452
451
450
449
448
440
434
429
427
422
422
420
418
417
416
414
414
409
407
406
401
396
389
378
376
375
371
362
360
353
347
344
342
336
335
328
324
323
316
307
305
303
296
291
291
290
289
288
283
279
278
278
278
276
274
271
270
269
263
262
256
252
251
249
249
247
246
245
244
244
242
241
236
231
231
230
229
228
228
228
223
223
217
213
211
205
200
189
187
185
184
182
177
167
166
164
162
144
144
141
134
131
119
110
109
105
101
99
87
78
78
77
74
72
71
70
65
61
56
56
41
40
33
26
22
17
16
16
15
15
13
8
8
