7
10
13
22
23
25
28
33
35
39
44
47
47
51
51
52
55
55
58
62
73
73
75
75
77
80
83
85
88
92
93
98
100
101
105
106
107
107
109
112
126
133
133
136
143
145
152
152
158
168
168
169
171
180
182
187
190
195
196
196
201
203
206
213
218
219
220
220
238
240
240
243
248
249
254
254
267
268
270
273
274
277
279
282
284
287
288
288
294
298
305
308
308
311
313
315
316
320
320
321
322
329
330
330
332
334
337
339
340
348
350
350
351
352
355
355
355
362
363
367
373
374
377
380
385
385
387
387
392
393
397
398
401
401
404
406
406
410
414
417
425
430
431
432
432
432
435
436
442
453
455
456
458
462
465
470
472
477
478
481
481
482
483
487
488
489
495
506
510
521
521
522
524
527
530
536
536
537
538
539
554
554
556
563
567
569
570
573
577
578
588
594
599
602
612
618
621
622
624
628
630
632
632
635
641
645
645
652
653
654
657
658
665
673
676
684
684
684
690
690
694
694
694
695
697
701
703
703
710
713
717
719
721
721
732
737
738
743
744
747
755
757
758
759
771
773
783
786
787
788
788
788
789
789
791
794
799
799
799
799
807
809
815
821
824
827
828
832
834
836
838
838
847
849
852
855
861
862
867
869
872
877
877
878
881
883
886
892
893
895
897
900
911
913
914
928
929
929
931
934
935
935
935
936
940
941
947
950
951
953
955
955
962
963
963
963
968
971
979
988
992
993
996
996
998
1012
1019
1023
1027
1029
1030
1034
1043
1047
1049
1051
1051
1051
1052
1060
1062
1066
1069
1069
1069
1071
1071
1074
1077
1081
1082
1086
1087
1089
1092
1109
1111
1116
1116
1117
1120
1121
1133
1137
1138
1152
1156
1161
1165
1167
1171
1172
1173
1173
1175
1183
1185
1188
1188
1194
1194
1196
1200
1201
1203
1205
1207
1207
1208
1210
1213
1225
1226
1230
1234
1239
1240
1241
1246
1246
1255
1257
1261
1265
1268
1270
1271
1271
1272
1273
1275
1275
1281
1282
1284
1285
1289
1289
1295
1304
1305
1314
1315
1317
1318
1321
1328
1329
1329
1330
1333
1335
1337
1337
1340
1354
1356
1364
1368
1373
1374
1379
1379
1382
1385
1389
1394
1395
1397
1400
1400
1401
1404
1406
1408
1409
1418
1424
1425
1425
1425
1429
1433
1436
1445
1447
1447
1447
1449
1459
1470
1474
1475
1477
1479
1479
1479
1483
1483
1485
1487
1489
1489
1495
1498
1502
1504
1505
1505
1511
1514
1520
1521
1535
1537
1544
1545
1547
1560
1563
1571
1574
1586
1586
1587
1589
1591
1603
1610
1610
1629
1630
1632
1632
1635
1635
1638
1645
1646
1648
1651
1655
1661
1661
1663
1674
1675
1678
1678
1679
1681
1685
1687
1688
1694
1696
1697
1700
1702
1708
1709
1714
1715
1716
1719
1729
1739
1740
1740
1741
1742
1744
1754
1759
1765
1768
1769
1772
1773
1775
1777
1778
1779
1781
1782
1787
1789
1794
1797
1801
1804
1804
1805
1811
1812
1814
1816
1817
1822
1825
1827
1831
1833
1840
1840
1846
1848
1848
1851
1852
1855
1855
1857
1863
1866
1868
1868
1872
1874
1879
1889
1890
1891
1900
1900
1901
1904
1908
1908
1909
1909
1914
1914
1917
1918
1918
1920
1926
1936
1937
1944
1946
1947
1948
1951
1955
1958
1958
1961
1965
1965
1966
1974
1976
1979
1985
1986
1995
2001
2001
2004
2008
2008
2012
2015
2016
2030
2031
2033
2036
2039
2041
2042
2052
2055
2057
2057
2061
2061
2065
2070
2070
2076
2078
2084
2085
2086
2086
2091
2092
2106
2110
2110
2118
2122
2124
2132
2134
2134
2137
2159
2163
2165
2165
2168
2172
2172
2174
2176
2179
2179
2181
2185
2187
2188
2189
2193
2197
2199
2200
2205
2207
2215
2216
2217
2218
2222
2223
2229
2231
2233
2234
2235
2235
2239
2242
2254
2257
2258
2259
2260
2262
2262
2263
2265
2267
2270
2271
2272
2277
2279
2286
2288
2299
2306
2307
2309
2310
2317
2319
2327
2333
2334
2335
2336
2337
2338
2338
2339
2340
2344
2355
2358
2358
2360
2361
2362
2364
2364
2364
2366
2367
2371
2371
2374
2377
2377
2378
2378
2379
2381
2381
2382
2383
2398
2398
2402
2405
2406
2408
2409
2410
2412
2416
2416
2422
2423
2427
2427
2431
2445
2450
2450
2455
2466
2481
2488
2489
2489
2490
2494
2494
2498
2500
2502
2503
2506
2513
2521
2525
2527
2528
2529
2531
2535
2535
2540
2540
2543
2545
2548
2550
2551
2554
2556
2556
2560
2563
2564
2565
2570
2571
2580
2582
2585
2587
2589
2594
2599
2600
2605
2606
2607
2616
2616
2617
2624
2625
2629
2633
2641
2642
2644
2648
2648
2648
2649
2652
2656
2659
2663
2664
2667
2668
2671
2673
2676
2678
2680
2684
2692
2697
2697
2701
2702
2704
2709
2712
2713
2716
2716
2716
2721
2721
2731
2733
2735
2736
2743
2743
2744
2752
2763
2763
2764
2764
2765
2771
2773
2775
2783
2790
2790
2795
2797
2803
2804
2806
2809
2813
2822
2836
2838
2838
2846
2858
2864
2867
2886
2887
2890
2893
2900
2902
2905
2911
2916
2919
2920
2921
2923
2929
2929
2931
2938
2947
2948
2948
2959
2965
2966
2968
2970
2975
2979
2986
3004
3006
3007
3015
3018
3024
3027
3030
3039
3040
3040
3040
3042
3050
3058
3062
3065
3071
3086
3086
3087
3104
3107
3111
3113
3122
3126
3131
3137
3141
3142
3142
3148
3148
3148
3150
3152
3156
3158
3160
3161
3165
3165
3172
3178
3189
3191
3196
3198
3203
3211
3213
3217
3225
3238
3249
3249
3253
3253
3257
3264
3268
3274
3280
3285
3289
3290
3293
3305
3306
3317
3323
3326
3326
3331
3333
3346
3348
3349
3350
3366
3371
3376
3379
3389
3390
3392
3401
3403
3405
3405
3407
3410
3414
3415
3417
3421
3426
3433
3435
3436
3436
3441
3452
3453
3454
3454
3470
3472
3476
3480
3485
3485
3491
3501
3505
3509
3510
3511
3513
3518
3520
3521
3527
3533
3534
3534
3536
3541
3551
3560
3566
3569
3570
3572
3580
3587
3588
3591
3591
3595
3597
3600
3601
3602
3610
3611
3631
3637
3641
3646
3653
3657
3659
3661
3663
3669
3672
3678
3679
3679
3680
3681
3682
3687
3698
3698
3707
3728
3730
3734
3735
3743
3743
3745
3752
3761
3764
3769
3769
3778
3784
3784
3788
3796
3802
3802
3805
3810
3816
3831
3833
3834
3835
3842
3850
3854
3861
3868
3873
3885
3900
3904
3914
3914
3916
3920
3933
3948
3952
3959
3960
3960
3962
3963
3971
3972
3976
3979
3996
4000
4003
4004
4007
4011
4013
4014
4021
4024
4025
4026
4027
4028
4032
4037
4041
4050
4058
4069
4070
4070
4072
4079
4088
4089
4091
4094
4095
4108
4112
4113
4113
4120
4121
4123
4124
4128
4136
4137
4139
4147
4151
4156
4165
4166
4169
4175
4179
4179
4180
4181
4186
4187
4188
4188
4198
4199
4205
4206
4207
4210
4214
4215
4217
4221
4225
4226
4236
4244
4249
4253
4254
4257
4264
4268
4268
4282
4285
4289
4292
4292
4297
4297
4298
4304
4308
4310
4316
4317
4321
4334
4337
4348
4350
4358
4364
4365
4367
4370
4372
4375
4386
4389
4410
4410
4411
4415
4417
4420
4422
4425
4428
4438
4439
4440
4445
4447
4449
4462
4462
4465
4468
4468
4472
4482
4489
4490
4499
4516
4520
4522
4524
4529
4530
4531
4539
4539
4542
4551
4560
4562
4563
4563
4565
4567
4573
4580
4580
4583
4591
4593
4594
4603
4605
4606
4614
4617
4623
4626
4627
4632
4634
4636
4650
4651
4651
4655
4665
4666
4668
4674
4677
4686
4686
4687
4692
4695
4697
4697
4726
4727
4732
4735
4742
4749
4750
4752
4758
4773
4774
4775
4776
4786
4796
4797
4798
4800
4808
4812
4813
4814
4818
4819
4821
4826
4827
4827
4840
4850
4861
4864
4865
4876
4876
4877
4879
4894
4895
4896
4901
4902
4906
4911
4912
4912
4915
4919
4919
4919
4925
4927
4931
4935
4945
4947
4969
4970
4975
4979
4981
4981
4982
4988
4993
4998
5003
5011
5012
5024
5025
5045
5047
5049
5050
5057
5076
5095
5096
5105
5111
5114
5117
5121
5123
5138
5139
5139
5147
5150
5151
5153
5154
5161
5168
5170
5177
5185
5192
5193
5195
5197
5203
5203
5207
5210
5212
5214
5222
5231
5232
5245
5249
5250
5252
5252
5257
5260
5264
5267
5269
5275
5277
5290
5294
5302
5304
5305
5306
5306
5307
5308
5309
5310
5314
5319
5319
5322
5329
5337
5341
5344
5355
5362
5363
5364
5372
5373
5379
5387
5408
5411
5411
5412
5415
5416
5417
5420
5423
5428
5431
5439
5445
5447
5448
5450
5450
5455
5461
5464
5481
5491
5513
5517
5527
5527
5530
5535
5537
5543
5557
5565
5572
5573
5577
5578
5583
5583
5587
5598
5608
5610
5610
5615
5617
5618
5620
5627
5631
5643
5645
5658
5661
5662
5673
5676
5686
5699
5699
5707
5730
5733
5753
5757
5758
5767
5769
5770
5781
5786
5788
5794
5795
5798
5800
5804
5812
5815
5823
5827
5831
5837
5839
5844
5845
5854
5856
5856
5858
5863
5865
5883
5883
5888
5893
5895
5919
5937
5951
5961
5962
5965
5970
5972
5978
5981
5985
5985
5988
5992
5999
6001
6005
6010
6014
6014
6032
6034
6042
6042
6044
6057
6061
6063
6069
6088
6092
6096
6096
6099
6100
6101
6114
6119
6119
6123
6126
6131
6132
6135
6136
6138
6145
6155
6156
6164
6171
6171
6173
6176
6180
6180
6183
6186
6186
6189
6191
6193
6196
6197
6199
6201
6201
6203
6204
6205
6205
6213
6227
6233
6233
6235
6241
6247
6250
6253
6253
6254
6261
6269
6273
6280
6282
6290
6293
6298
6305
6306
6306
6323
6323
6326
6343
6348
6359
6359
6363
6365
6365
6375
6377
6399
6405
6405
6411
6415
6424
6427
6428
6442
6455
6456
6458
6461
6467
6473
6477
6483
6483
6484
6488
6488
6491
6491
6505
6510
6511
6522
6523
6525
6526
6526
6529
6530
6535
6543
6546
6550
6552
6563
6568
6570
6578
6584
6584
6590
6599
6605
6607
6616
6629
6630
6633
6636
6638
6655
6670
6681
6701
6704
6705
6715
6723
6723
6736
6737
6738
6744
6751
6760
6765
6765
6766
6768
6781
6781
6783
6788
6790
6792
6793
6796
6810
6815
6827
6830
6834
6834
6834
6838
6844
6848
6854
6856
6864
6865
6874
6874
6881
6885
6888
6889
6889
6901
6906
6918
6919
6920
6926
6934
6937
6937
6937
6938
6945
6950
6952
6954
6955
6962
6963
6965
6966
6969
6972
6976
6978
6979
6981
6982
6999
7009
7010
7022
7030
7044
7046
7050
7054
7058
7062
7087
7087
7101
7102
7106
7109
7110
7129
7134
7139
7152
7153
7154
7156
7168
7171
7175
7185
7185
7204
7213
7213
7217
7221
7223
7226
7226
7231
7233
7236
7237
7246
7249
7257
7275
7277
7280
7281
7285
7289
7293
7297
7299
7303
7306
7311
7315
7325
7336
7337
7347
7356
7356
7359
7368
7370
7373
7374
7376
7378
7385
7390
7411
7415
7426
7427
7429
7429
7431
7433
7434
7440
7445
7449
7455
7459
7461
7470
7471
7473
7476
7476
7490
7494
7496
7505
7508
7508
7516
7522
7528
7533
7539
7547
7548
7554
7557
7562
7565
7573
7591
7602
7604
7606
7608
7612
7613
7631
7637
7637
7649
7655
7657
7660
7660
7664
7667
7678
7686
7687
7690
7693
7698
7702
7702
7710
7712
7726
7733
7758
7760
7763
7766
7771
7776
7790
7793
7799
7809
7810
7815
7816
7818
7822
7830
7831
7839
7839
7844
7855
7856
7861
7862
7865
7868
7871
7873
7876
7876
7882
7891
7895
7895
7906
7907
7908
7919
7923
7930
7930
7930
7931
7931
7935
7935
7936
7937
7941
7942
7942
7953
7957
7961
7974
7974
7974
7975
7982
7982
7993
8002
8007
8008
8008
8008
8011
8012
8020
8027
8031
8044
8044
8047
8048
8050
8051
8052
8053
8056
8067
8070
8070
8071
8073
8074
8077
8079
8086
8089
8103
8108
8112
8118
8122
8131
8138
8142
8150
8152
8155
8156
8161
8170
8171
8181
8181
8192
8192
8195
8197
8199
8202
8207
8207
8207
8209
8220
8220
8232
8236
8237
8238
8242
8245
8247
8252
8260
8260
8261
8268
8268
8269
8276
8277
8278
8280
8281
8283
8290
8297
8300
8301
8304
8304
8307
8312
8313
8316
8319
8326
8330
8331
8344
8359
8361
8368
8368
8369
8371
8374
8376
8383
8394
8404
8404
8406
8409
8419
8422
8436
8445
8445
8448
8449
8450
8452
8454
8456
8461
8462
8463
8466
8468
8470
8471
8475
8478
8480
8481
8485
8490
8492
8506
8506
8514
8522
8528
8530
8534
8535
8536
8540
8541
8547
8548
8557
8567
8576
8590
8591
8591
8598
8601
8604
8606
8610
8610
8619
8623
8634
8634
8635
8635
8637
8649
8653
8663
8665
8668
8670
8680
8681
8685
8690
8701
8705
8717
8723
8731
8735
8738
8745
8751
8755
8758
8763
8773
8774
8775
8777
8786
8788
8789
8790
8793
8794
8794
8796
8797
8804
8815
8817
8817
8821
8828
8829
8832
8833
8835
8838
8840
8841
8841
8847
8853
8855
8861
8862
8863
8864
8879
8886
8888
8891
8898
8898
8899
8901
8902
8904
8905
8905
8908
8909
8920
8920
8930
8930
8930
8937
8939
8941
8946
8961
8961
8978
8980
8988
9000
9001
9003
9009
9013
9013
9016
9025
9026
9030
9032
9034
9035
9036
9040
9048
9054
9055
9057
9060
9060
9063
9065
9069
9075
9080
9083
9094
9097
9099
9101
9106
9108
9110
9111
9113
9114
9114
9127
9132
9133
9134
9136
9136
9160
9163
9171
9171
9179
9187
9187
9196
9208
9209
9210
9212
9213
9220
9222
9225
9229
9233
9235
9236
9241
9242
9251
9251
9268
9269
9270
9279
9281
9285
9290
9292
9294
9297
9298
9307
9318
9322
9324
9337
9339
9345
9346
9349
9351
9373
9379
9387
9392
9393
9403
9404
9405
9407
9412
9413
9418
9420
9436
9436
9438
9439
9440
9443
9444
9447
9449
9449
9453
9464
9464
9468
9468
9471
9471
9473
9479
9483
9485
9492
9494
9501
9504
9509
9514
9523
9531
9532
9537
9538
9538
9546
9554
9577
9578
9581
9582
9601
9603
9605
9605
9607
9615
9616
9618
9619
9624
9625
9627
9636
9637
9641
9654
9658
9661
9668
9669
9670
9671
9671
9678
9681
9687
9691
9695
9706
9713
9715
9716
9717
9728
9729
9733
9750
9767
9767
9770
9773
9777
9789
9797
9798
9800
9801
9808
9824
9828
9835
9841
9844
9845
9845
9846
9847
9847
9855
9856
9862
9864
9869
9870
9873
9878
9887
9894
9900
9908
9911
9922
9924
9931
9949
9958
9966
9969
9981
9982
9983
9983
9983
9994
9999
