6
16
19
25
32
32
38
43
45
48
67
67
74
75
82
87
91
99
100
101
129
130
132
133
136
138
143
150
152
157
161
165
182
182
186
191
193
197
203
204
205
206
209
211
211
213
213
230
233
235
239
240
244
248
250
254
259
273
273
275
277
281
285
287
292
306
308
314
323
333
333
336
338
346
346
376
380
385
386
393
394
413
417
422
427
430
446
451
453
454
455
462
466
482
491
497
500
516
524
527
536
543
544
550
551
558
562
564
568
575
578
583
586
588
595
596
597
609
612
621
633
635
639
646
662
664
673
674
676
679
682
686
690
701
711
711
712
713
715
715
718
721
724
736
737
740
748
749
752
753
759
763
768
776
777
778
778
779
780
781
781
785
786
789
795
800
807
810
817
820
822
824
825
827
827
837
844
846
848
852
857
866
867
869
871
874
878
883
884
890
890
896
899
904
905
915
919
923
947
949
952
957
967
971
975
981
983
985
985
986
986
987
987
989
989
991
998
1004
1006
1015
1027
1029
1031
1033
1033
1040
1040
1042
1043
1044
1046
1047
1047
1051
1052
1058
1058
1061
1061
1066
1068
1070
1072
1072
1074
1078
1079
1079
1090
1095
1096
1106
1107
1109
1118
1128
1129
1135
1136
1137
1141
1159
1161
1170
1176
1177
1183
1183
1189
1200
1200
1204
1210
1217
1223
1226
1233
1234
1242
1245
1251
1252
1258
1262
1263
1263
1264
1267
1271
1276
1276
1279
1279
1279
1283
1294
1304
1308
1312
1317
1320
1321
1351
1352
1354
1356
1359
1361
1373
1375
1375
1376
1381
1391
1393
1394
1404
1414
1417
1417
1418
1430
1430
1431
1431
1434
1435
1435
1437
1443
1465
1472
1475
1476
1478
1483
1486
1498
1501
1504
1504
1507
1507
1516
1524
1525
1529
1541
1559
1559
1569
1572
1572
1580
1582
1584
1584
1589
1591
1596
1597
1601
1602
1603
1605
1610
1612
1618
1619
1620
1649
1655
1658
1663
1674
1679
1683
1687
1689
1691
1694
1711
1713
1718
1718
1730
1731
1738
1742
1742
1749
1750
1753
1756
1757
1765
1765
1765
1776
1779
1782
1788
1790
1792
1800
1811
1811
1822
1833
1836
1837
1839
1842
1842
1844
1848
1858
1861
1863
1870
1881
1886
1891
1894
1896
1901
1903
1906
1907
1914
1914
1918
1919
1921
1922
1931
1932
1932
1932
1947
1947
1950
1960
1968
1970
1975
1976
1991
1992
1994
1995
2001
2005
2017
2025
2025
2035
2036
2041
2047
2061
2063
2065
2068
2069
2073
2079
2082
2084
2092
2103
2108
2115
2120
2121
2141
2144
2145
2151
2152
2159
2161
2162
2162
2163
2164
2166
2168
2174
2177
2180
2181
2184
2192
2195
2198
2201
2202
2202
2203
2212
2213
2221
2222
2224
2224
2243
2248
2248
2251
2256
2258
2262
2273
2280
2281
2282
2283
2288
2291
2292
2304
2305
2305
2312
2313
2315
2317
2317
2320
2322
2330
2331
2333
2334
2350
2357
2369
2371
2376
2383
2386
2387
2388
2392
2399
2400
2401
2405
2412
2416
2418
2418
2421
2422
2430
2430
2430
2436
2438
2438
2441
2449
2449
2449
2450
2454
2456
2468
2468
2477
2487
2489
2492
2514
2515
2515
2521
2523
2529
2530
2533
2537
2553
2554
2556
2576
2577
2595
2595
2596
2600
2604
2605
2607
2624
2631
2640
2642
2646
2647
2650
2653
2660
2662
2669
2671
2672
2673
2674
2677
2678
2678
2681
2683
2686
2687
2689
2700
2708
2709
2715
2723
2723
2725
2726
2731
2750
2755
2761
2762
2762
2763
2766
2770
2781
2797
2797
2800
2805
2808
2809
2810
2813
2814
2818
2820
2827
2832
2835
2841
2842
2843
2845
2852
2852
2861
2875
2880
2886
2889
2897
2902
2922
2925
2937
2943
2954
2963
2969
2986
2987
2995
2999
3006
3009
3015
3020
3026
3030
3040
3047
3047
3050
3051
3054
3056
3056
3058
3067
3070
3079
3080
3080
3080
3083
3090
3103
3107
3111
3121
3135
3141
3142
3144
3147
3156
3164
3171
3176
3187
3192
3193
3202
3202
3202
3202
3203
3204
3215
3224
3224
3232
3236
3241
3243
3251
3251
3262
3267
3267
3283
3289
3291
3297
3305
3307
3313
3314
3326
3332
3332
3338
3339
3341
3343
3345
3345
3346
3350
3370
3376
3376
3381
3382
3383
3386
3391
3400
3414
3420
3421
3421
3424
3424
3425
3431
3441
3445
3445
3446
3448
3451
3451
3460
3461
3462
3463
3466
3468
3474
3479
3483
3485
3488
3493
3496
3497
3505
3517
3518
3518
3518
3521
3524
3526
3530
3533
3539
3552
3555
3561
3563
3573
3575
3577
3583
3590
3592
3595
3598
3603
3605
3607
3610
3611
3615
3617
3623
3626
3628
3631
3634
3649
3654
3662
3666
3666
3667
3700
3702
3718
3723
3730
3731
3731
3732
3737
3739
3741
3743
3751
3752
3759
3764
3765
3771
3774
3775
3777
3782
3784
3792
3802
3808
3824
3826
3828
3830
3834
3836
3841
3842
3842
3844
3857
3866
3877
3878
3882
3882
3885
3886
3894
3895
3907
3911
3912
3916
3919
3919
3921
3931
3932
3937
3940
3945
3957
3958
3969
3970
3972
3982
3992
3993
3996
3997
4002
4003
4005
4016
4025
4032
4036
4045
4049
4053
4060
4061
4062
4069
4070
4074
4081
4086
4087
4089
4090
4096
4103
4106
4114
4116
4117
4120
4128
4130
4130
4137
4138
4139
4139
4152
4157
4160
4161
4164
4165
4166
4169
4169
4170
4173
4174
4184
4185
4188
4191
4200
4201
4212
4214
4220
4236
4237
4241
4243
4243
4245
4250
4251
4273
4279
4281
4285
4292
4295
4297
4300
4308
4314
4316
4319
4326
4329
4333
4339
4346
4347
4350
4363
4365
4371
4371
4374
4380
4385
4394
4394
4398
4400
4402
4404
4404
4405
4405
4407
4411
4415
4417
4418
4426
4429
4436
4440
4446
4457
4460
4470
4470
4474
4476
4481
4485
4485
4489
4491
4491
4493
4508
4509
4515
4517
4527
4538
4538
4539
4540
4542
4542
4543
4555
4557
4559
4569
4577
4583
4584
4592
4599
4600
4602
4602
4603
4608
4609
4617
4621
4624
4626
4626
4632
4633
4637
4641
4646
4649
4649
4649
4660
4675
4676
4689
4693
4695
4699
4702
4713
4717
4719
4724
4731
4738
4740
4744
4744
4744
4745
4750
4768
4773
4775
4778
4779
4784
4791
4796
4803
4805
4805
4811
4814
4817
4820
4824
4825
4830
4831
4839
4846
4854
4859
4859
4864
4869
4870
4875
4877
4877
4879
4883
4883
4890
4891
4892
4895
4898
4903
4905
4910
4913
4922
4923
4937
4937
4939
4944
4950
4950
4951
4952
4952
4958
4958
4959
4970
4970
4977
4978
4981
4986
4989
4990
4993
4993
4994
5006
5015
5016
5034
5040
5041
5042
5048
5049
5059
5064
5068
5072
5087
5087
5094
5095
5096
5098
5099
5099
5111
5116
5123
5128
5134
5135
5136
5141
5141
5148
5153
5162
5162
5164
5167
5180
5189
5189
5189
5190
5204
5207
5213
5220
5221
5222
5224
5224
5227
5234
5237
5247
5247
5249
5252
5262
5263
5263
5271
5272
5273
5274
5285
5293
5306
5311
5311
5311
5316
5324
5324
5325
5332
5341
5342
5342
5347
5356
5357
5359
5362
5364
5365
5380
5384
5385
5395
5397
5416
5418
5423
5425
5426
5430
5434
5439
5441
5442
5444
5447
5456
5459
5461
5480
5485
5491
5498
5506
5507
5508
5509
5519
5530
5536
5539
5548
5552
5554
5557
5558
5559
5562
5564
5579
5582
5587
5590
5603
5604
5605
5607
5608
5611
5612
5613
5614
5615
5616
5621
5622
5623
5624
5626
5629
5632
5652
5655
5657
5663
5677
5681
5681
5689
5690
5690
5693
5694
5698
5699
5701
5701
5708
5708
5720
5721
5721
5731
5732
5741
5749
5751
5752
5764
5773
5773
5775
5778
5789
5796
5796
5797
5803
5810
5817
5832
5843
5844
5852
5852
5856
5857
5868
5872
5875
5886
5887
5892
5893
5902
5903
5903
5904
5912
5921
5923
5929
5935
5938
5945
5946
5947
5947
5957
5963
5973
5973
5975
5978
5984
5987
5989
5994
6007
6007
6010
6018
6020
6024
6026
6033
6034
6040
6046
6053
6059
6063
6063
6064
6080
6090
6092
6098
6098
6101
6111
6111
6117
6121
6128
6132
6134
6136
6139
6139
6141
6143
6147
6150
6151
6155
6161
6164
6169
6170
6172
6174
6177
6180
6192
6200
6206
6223
6224
6233
6236
6240
6244
6259
6262
6265
6268
6281
6285
6288
6289
6298
6299
6304
6310
6316
6319
6324
6326
6327
6328
6336
6336
6344
6347
6351
6356
6356
6363
6364
6370
6375
6376
6379
6384
6386
6391
6391
6396
6399
6405
6406
6408
6408
6419
6422
6433
6437
6441
6443
6444
6450
6454
6461
6470
6470
6472
6477
6479
6486
6487
6491
6497
6500
6504
6511
6519
6522
6531
6534
6545
6552
6559
6566
6568
6570
6578
6581
6586
6587
6591
6599
6602
6604
6607
6621
6625
6648
6649
6653
6658
6660
6662
6665
6666
6668
6687
6690
6690
6698
6698
6705
6707
6710
6711
6716
6719
6721
6722
6724
6725
6737
6738
6743
6745
6746
6747
6758
6760
6767
6777
6778
6791
6792
6792
6796
6800
6800
6801
6806
6806
6816
6818
6819
6821
6836
6839
6846
6849
6849
6849
6853
6855
6861
6872
6873
6875
6877
6878
6879
6885
6886
6890
6895
6912
6916
6917
6918
6945
6948
6952
6955
6956
6957
6963
6964
6964
6977
6979
6982
6989
6990
6993
6996
7000
7000
7003
7008
7009
7012
7013
7028
7031
7034
7034
7043
7047
7060
7060
7064
7064
7067
7068
7069
7069
7071
7071
7074
7088
7089
7093
7095
7098
7099
7101
7103
7104
7104
7108
7110
7115
7116
7120
7120
7121
7121
7122
7125
7126
7128
7131
7134
7145
7152
7155
7157
7162
7163
7176
7178
7178
7178
7180
7184
7197
7201
7202
7204
7207
7212
7225
7233
7244
7261
7270
7273
7274
7282
7285
7295
7301
7304
7304
7309
7318
7320
7321
7325
7327
7329
7337
7337
7350
7352
7352
7360
7363
7365
7374
7374
7391
7399
7408
7415
7418
7418
7420
7427
7431
7436
7439
7442
7453
7458
7463
7467
7473
7474
7476
7485
7490
7491
7491
7495
7508
7510
7515
7515
7531
7533
7534
7545
7553
7554
7555
7555
7557
7564
7568
7573
7576
7576
7578
7589
7594
7596
7598
7599
7600
7608
7613
7614
7618
7619
7622
7623
7625
7628
7628
7632
7635
7654
7663
7673
7676
7683
7695
7713
7714
7721
7721
7722
7723
7730
7737
7740
7746
7746
7748
7752
7765
7767
7769
7777
7778
7792
7795
7795
7802
7805
7809
7812
7813
7813
7817
7818
7821
7826
7827
7829
7832
7836
7845
7854
7859
7859
7860
7864
7865
7872
7881
7881
7888
7901
7913
7915
7920
7921
7922
7926
7928
7931
7936
7939
7941
7948
7950
7950
7951
7961
7961
7974
7976
7979
7980
7982
7982
7986
7987
8001
8004
8004
8008
8009
8010
8022
8025
8027
8029
8032
8032
8035
8036
8047
8048
8049
8051
8056
8057
8057
8059
8063
8066
8068
8072
8077
8077
8094
8098
8112
8124
8127
8127
8136
8137
8137
8137
8137
8139
8145
8145
8146
8148
8153
8156
8156
8157
8161
8163
8165
8173
8176
8177
8191
8193
8196
8200
8206
8211
8220
8221
8221
8225
8226
8233
8238
8243
8244
8250
8252
8253
8258
8259
8260
8269
8273
8277
8287
8293
8299
8305
8309
8313
8324
8325
8329
8330
8332
8333
8335
8343
8347
8353
8360
8369
8375
8377
8387
8388
8390
8393
8398
8399
8401
8401
8416
8420
8427
8435
8438
8447
8451
8461
8464
8466
8468
8469
8470
8470
8481
8487
8493
8495
8507
8518
8521
8522
8526
8526
8528
8531
8532
8540
8541
8550
8556
8560
8560
8568
8581
8593
8595
8610
8616
8620
8621
8633
8640
8642
8642
8645
8649
8661
8669
8670
8672
8676
8679
8679
8682
8704
8711
8716
8724
8731
8734
8737
8741
8741
8742
8746
8746
8748
8755
8757
8772
8773
8779
8779
8783
8802
8805
8811
8830
8832
8842
8842
8845
8847
8855
8868
8875
8876
8885
8886
8886
8890
8911
8923
8926
8927
8930
8931
8949
8953
8959
8959
8963
8969
8973
8991
8994
8999
9007
9009
9013
9016
9016
9024
9030
9038
9038
9041
9042
9046
9050
9053
9055
9055
9057
9067
9074
9075
9076
9089
9092
9101
9101
9102
9105
9107
9114
9120
9132
9134
9135
9138
9139
9146
9147
9153
9153
9159
9160
9162
9163
9165
9166
9169
9171
9187
9192
9200
9202
9203
9204
9207
9211
9217
9222
9223
9224
9226
9228
9231
9233
9244
9251
9253
9255
9267
9271
9277
9277
9281
9283
9284
9288
9291
9301
9306
9315
9322
9322
9327
9331
9333
9333
9333
9334
9341
9347
9348
9352
9353
9355
9355
9356
9358
9360
9362
9362
9366
9366
9370
9372
9381
9382
9383
9390
9397
9403
9405
9414
9425
9431
9433
9434
9435
9441
9446
9454
9458
9459
9464
9468
9484
9486
9489
9501
9502
9504
9513
9516
9522
9531
9536
9537
9537
9538
9541
9541
9544
9546
9548
9555
9562
9565
9566
9569
9575
9585
9589
9602
9604
9614
9616
9620
9627
9636
9642
9644
9646
9647
9647
9649
9649
9651
9654
9657
9659
9660
9667
9671
9673
9674
9676
9679
9682
9683
9698
9707
9707
9708
9710
9713
9714
9720
9720
9724
9739
9750
9754
9761
9765
9774
9777
9780
9785
9790
9793
9798
9806
9808
9815
9819
9824
9825
9825
9826
9840
9841
9848
9848
9848
9855
9855
9859
9864
9877
9877
9882
9883
9890
9893
9893
9893
9897
9897
9899
9904
9910
9916
9935
9936
9943
9944
9948
9962
9962
9963
9978
9979
9979
9985
9985
9993
9998
9999
10000
10006
10012
10015
10031
10032
10032
10032
10047
10048
10049
10050
10056
10057
10067
10067
10072
10073
10075
10080
10081
10081
10092
10093
10094
10096
10099
10103
10106
10106
10109
10109
10113
10118
10119
10122
10124
10132
10136
10140
10141
10141
10145
10151
10154
10161
10174
10179
10183
10187
10193
10193
10195
10201
10202
10204
10204
10206
10213
10229
10233
10234
10238
10243
10243
10245
10247
10250
10251
10255
10255
10255
10258
10262
10267
10271
10275
10275
10277
10281
10285
10287
10288
10304
10304
10309
10311
10332
10337
10341
10350
10350
10353
10357
10360
10360
10361
10366
10389
10400
10402
10408
10408
10408
10414
10416
10432
10435
10438
10439
10441
10449
10460
10462
10467
10469
10472
10472
10479
10480
10483
10486
10492
10501
10504
10504
10504
10516
10528
10535
10541
10543
10546
10546
10551
10552
10565
10571
10577
10580
10587
10588
10589
10591
10595
10599
10603
10607
10612
10614
10618
10627
10629
10631
10635
10646
10674
10683
10689
10689
10691
10691
10695
10697
10699
10716
10723
10746
10754
10757
10762
10765
10768
10771
10771
10774
10779
10792
10797
10801
10802
10807
10808
10809
10810
10819
10821
10825
10826
10827
10829
10832
10838
10843
10845
10850
10854
10863
10871
10874
10875
10876
10879
10884
10889
10894
10897
10897
10909
10912
10913
10916
10918
10922
10924
10930
10937
10937
10942
10943
10945
10948
10950
10951
10956
10958
10963
10968
10977
10980
10984
10990
10993
10994
10997
10999
10999
11002
11010
11014
11019
11022
11035
11040
11042
11045
11060
11064
11067
11067
11074
11099
11100
11100
11104
11111
11115
11117
11119
11119
11119
11124
11125
11131
11131
11134
11137
11152
11165
11175
11180
11182
11186
11188
11192
11196
11205
11209
11211
11218
11221
11228
11234
11236
11242
11251
11253
11255
11262
11276
11277
11292
11308
11315
11320
11323
11324
11325
11328
11330
11339
11344
11346
11347
11347
11350
11359
11360
11362
11371
11372
11375
11389
11398
11406
11407
11412
11417
11418
11422
11427
11432
11434
11439
11445
11449
11454
11457
11459
11459
11460
11461
11461
11467
11482
11490
11497
11500
11503
11510
11519
11522
11527
11532
11541
11541
11546
11548
11553
11569
11570
11570
11573
11576
11588
11602
11605
11616
11625
11638
11639
11641
11642
11644
11654
11661
11662
11666
11668
11673
11677
11678
11688
11690
11700
11701
11715
11721
11724
11727
11730
11745
11748
11750
11753
11759
11766
11782
11783
11785
11789
11793
11797
11814
11818
11819
11827
11833
11835
11835
11837
11843
11848
11849
11861
11865
11866
11877
11877
11892
11893
11897
11900
11910
11926
11929
11932
11936
11937
11940
11940
11946
11959
11964
11966
11981
11990
12003
12011
12012
12014
12014
12015
12017
12018
12020
12026
12027
12029
12035
12035
12042
12047
12050
12068
12074
12075
12084
12086
12102
12110
12111
12113
12118
12127
12128
12131
12131
12132
12132
12133
12137
12147
12154
12154
12159
12162
12162
12164
12167
12171
12172
12172
12184
12186
12190
12190
12200
12206
12207
12208
12209
12210
12210
12212
12232
12241
12245
12251
12263
12278
12282
12283
12283
12285
12286
12287
12296
12307
12307
12314
12324
12337
12343
12349
12357
12357
12362
12363
12364
12376
12377
12379
12384
12387
12387
12401
12415
12419
12420
12423
12430
12432
12437
12438
12439
12439
12441
12446
12451
12456
12460
12464
12468
12470
12480
12482
12487
12490
12493
12494
12496
12499
12500
12505
12513
12514
12516
12526
12532
12532
12535
12538
12543
12544
12546
12550
12554
12561
12562
12562
12571
12573
12576
12577
12603
12608
12618
12620
12623
12625
12626
12635
12637
12639
12650
12651
12660
12661
12665
12679
12682
12684
12699
12702
12705
12727
12734
12740
12741
12744
12747
12759
12759
12760
12763
12766
12785
12799
12800
12807
12807
12810
12811
12811
12814
12816
12818
12820
12825
12827
12832
12849
12849
12851
12851
12852
12858
12860
12862
12866
12867
12867
12869
12886
12887
12889
12898
12903
12909
12917
12918
12919
12921
12924
12926
12927
12929
12939
12939
12940
12947
12950
12955
12956
12960
12972
12976
12978
12992
13008
13010
13011
13022
13029
13032
13035
13046
13051
13059
13066
13071
13078
13079
13110
13110
13110
13113
13123
13129
13130
13134
13138
13140
13144
13151
13158
13158
13162
13169
13170
13171
13179
13180
13181
13184
13195
13196
13196
13198
13202
13206
13210
13212
13215
13217
13225
13227
13235
13239
13239
13242
13243
13248
13254
13254
13257
13262
13275
13276
13277
13285
13287
13291
13292
13293
13294
13297
13297
13306
13312
13320
13322
13324
13325
13325
13328
13329
13334
13336
13344
13353
13356
13357
13368
13376
13382
13383
13394
13402
13403
13403
13414
13414
13416
13421
13423
13432
13435
13439
13441
13445
13448
13448
13449
13450
13450
13453
13457
13461
13475
13475
13477
13494
13496
13497
13498
13501
13508
13516
13517
13520
13521
13522
13523
13525
13531
13535
13535
13535
13540
13542
13545
13548
13554
13557
13560
13569
13576
13578
13582
13587
13592
13594
13602
13612
13612
13613
13615
13616
13627
13631
13644
13654
13659
13664
13679
13682
13685
13686
13686
13691
13698
13701
13703
13703
13721
13722
13736
13742
13744
13751
13755
13756
13757
13760
13765
13767
13779
13792
13795
13796
13797
13803
13812
13818
13818
13819
13819
13821
13823
13826
13833
13834
13838
13846
13856
13857
13863
13865
13872
13873
13880
13880
13883
13888
13897
13906
13912
13913
13917
13927
13931
13933
13937
13939
13944
13959
13960
13960
13966
13969
13973
13975
13978
13986
13987
13993
13993
13994
13999
14003
14009
14016
14017
14027
14037
14039
14044
14045
14048
14049
14054
14056
14058
14061
14079
14080
14082
14088
14090
14093
14098
14101
14101
14105
14106
14116
14124
14124
14131
14139
14141
14146
14149
14151
14159
14166
14167
14169
14182
14184
14187
14192
14198
14202
14203
14210
14210
14214
14217
14217
14223
14228
14230
14239
14242
14244
14244
14247
14250
14250
14264
14267
14269
14269
14279
14283
14294
14294
14300
14304
14304
14307
14312
14317
14323
14323
14328
14330
14339
14366
14374
14375
14382
14390
14398
14412
14417
14417
14419
14420
14426
14427
14428
14428
14433
14434
14438
14439
14441
14446
14456
14463
14468
14472
14479
14482
14485
14491
14497
14507
14514
14514
14517
14522
14526
14537
14537
14548
14549
14550
14555
14563
14564
14565
14567
14573
14577
14578
14579
14595
14601
14601
14603
14603
14605
14606
14612
14614
14620
14621
14624
14626
14628
14635
14645
14647
14647
14648
14653
14659
14660
14674
14677
14681
14685
14685
14693
14695
14696
14697
14698
14699
14704
14709
14713
14720
14730
14730
14732
14741
14741
14745
14755
14756
14763
14766
14769
14773
14775
14775
14783
14785
14790
14796
14798
14798
14799
14800
14803
14806
14816
14822
14826
14826
14843
14843
14843
14845
14848
14856
14858
14858
14867
14870
14887
14891
14892
14896
14896
14904
14910
14910
14915
14927
14930
14935
14935
14956
14956
14960
14961
14964
14966
14966
14972
14977
14978
14978
14979
14979
14980
14984
14987
14989
14991
14992
14996
14998
15000
15008
15021
15023
15024
15032
15037
15039
15054
15054
15058
15063
15067
15074
15076
15090
15091
15092
15100
15106
15124
15128
15129
15129
15130
15135
15137
15140
15143
15151
15158
15172
15175
15175
15180
15181
15183
15188
15191
15194
15195
15205
15209
15210
15224
15248
15254
15255
15255
15263
15266
15266
15281
15285
15286
15290
15298
15298
15300
15304
15308
15311
15314
15316
15320
15320
15321
15333
15345
15355
15356
15356
15356
15369
15373
15382
15383
15387
15389
15395
15397
15398
15403
15406
15408
15414
15422
15424
15430
15435
15439
15442
15443
15444
15448
15448
15448
15449
15449
15461
15463
15465
15468
15476
15486
15490
15495
15500
15505
15508
15515
15515
15523
15524
15531
15533
15535
15546
15548
15563
15570
15573
15577
15584
15586
15589
15589
15599
15630
15640
15640
15642
15644
15644
15648
15660
15663
15665
15665
15677
15684
15685
15689
15703
15714
15724
15728
15730
15738
15747
15747
15749
15756
15758
15758
15761
15763
15765
15765
15770
15774
15776
15780
15792
15796
15798
15802
15802
15803
15804
15823
15825
15827
15828
15828
15836
15839
15840
15844
15859
15861
15863
15864
15864
15868
15880
15882
15890
15890
15893
15893
15895
15897
15899
15902
15911
15914
15914
15924
15927
15930
15932
15942
15942
15949
15953
15956
15971
15973
15973
15974
15978
15979
15982
15989
15994
16003
16005
16005
16007
16007
16008
16009
16023
16023
16025
16025
16029
16030
16032
16035
16046
16053
16054
16059
16066
16067
16069
16071
16077
16082
16083
16085
16087
16089
16092
16096
16097
16097
16104
16109
16111
16112
16113
16118
16121
16131
16139
16140
16143
16144
16164
16165
16167
16175
16175
16180
16186
16187
16191
16199
16199
16206
16218
16219
16221
16227
16229
16230
16240
16244
16247
16267
16268
16277
16279
16285
16288
16288
16300
16301
16301
16311
16312
16314
16319
16325
16327
16332
16336
16342
16345
16346
16353
16355
16368
16371
16376
16382
16382
16384
16390
16392
16396
16405
16406
16407
16410
16410
16415
16418
16422
16425
16428
16435
16441
16452
16452
16452
16456
16457
16464
16477
16477
16481
16483
16491
16492
16493
16501
16502
16507
16510
16511
16517
16523
16529
16530
16546
16552
16555
16556
16557
16558
16564
16565
16566
16568
16570
16577
16588
16590
16610
16610
16614
16618
16620
16641
16658
16664
16665
16668
16668
16682
16687
16688
16693
16698
16698
16702
16702
16705
16710
16718
16718
16726
16731
16741
16751
16753
16754
16755
16756
16758
16763
16764
16765
16765
16768
16770
16775
16785
16785
16786
16791
16793
16794
16795
16797
16799
16803
16808
16825
16826
16829
16830
16838
16839
16843
16844
16848
16849
16852
16861
16864
16891
16894
16904
16906
16908
16913
16913
16917
16920
16926
16934
16934
16939
16942
16944
16953
16954
16956
16979
16983
16986
16986
16992
17001
17011
17023
17036
17036
17038
17039
17047
17047
17057
17057
17060
17065
17068
17073
17075
17079
17083
17086
17112
17113
17115
17119
17123
17136
17136
17145
17149
17150
17151
17159
17170
17173
17180
17180
17181
17190
17195
17196
17198
17202
17205
17218
17221
17225
17226
17228
17229
17234
17237
17237
17239
17242
17244
17253
17258
17261
17266
17267
17268
17272
17276
17277
17280
17288
17299
17299
17304
17305
17306
17307
17308
17309
17323
17324
17325
17327
17335
17335
17347
17352
17356
17356
17357
17360
17365
17365
17367
17370
17384
17388
17390
17404
17404
17405
17419
17420
17424
17427
17428
17432
17437
17440
17450
17453
17463
17466
17467
17472
17475
17481
17494
17495
17495
17508
17520
17523
17527
17530
17536
17542
17549
17551
17551
17554
17572
17572
17572
17577
17583
17584
17589
17606
17615
17619
17621
17629
17634
17639
17649
17650
17657
17658
17662
17671
17682
17683
17688
17688
17690
17697
17701
17703
17705
17709
17713
17716
17716
17716
17718
17723
17724
17743
17746
17749
17758
17758
17760
17761
17763
17763
17768
17773
17780
17782
17793
17798
17807
17810
17811
17814
17821
17823
17827
17827
17829
17831
17833
17835
17837
17838
17840
17853
17855
17865
17866
17883
17886
17901
17902
17908
17909
17918
17922
17930
17931
17933
17941
17941
17945
17947
17948
17952
17956
17956
17959
17960
17961
17963
17969
17977
17981
17983
17986
17996
18007
18011
18013
18015
18019
18027
18028
18029
18036
18038
18041
18044
18046
18050
18050
18060
18064
18065
18065
18067
18071
18074
18082
18103
18103
18119
18127
18129
18129
18130
18133
18137
18138
18152
18155
18156
18156
18162
18168
18169
18179
18179
18181
18181
18184
18186
18186
18194
18196
18203
18206
18210
18216
18220
18220
18226
18231
18233
18236
18245
18257
18264
18267
18272
18277
18297
18305
18309
18321
18324
18348
18352
18359
18360
18365
18367
18371
18372
18373
18374
18404
18404
18405
18408
18409
18416
18420
18422
18425
18438
18441
18450
18460
18470
18477
18483
18488
18494
18495
18501
18506
18510
18510
18510
18513
18518
18529
18532
18534
18557
18558
18569
18570
18574
18579
18580
18587
18590
18592
18603
18608
18612
18613
18613
18616
18619
18627
18640
18642
18643
18644
18654
18655
18659
18670
18671
18671
18677
18681
18682
18682
18683
18694
18696
18697
18699
18700
18708
18710
18713
18713
18715
18720
18722
18735
18737
18738
18741
18741
18745
18750
18756
18763
18763
18767
18771
18786
18807
18811
18811
18816
18833
18833
18842
18857
18858
18859
18865
18871
18871
18873
18880
18882
18883
18897
18900
18902
18903
18908
18911
18911
18914
18914
18915
18916
18922
18922
18923
18935
18938
18939
18946
18955
18960
18969
18969
18979
18979
18987
18988
18989
18991
19008
19015
19028
19032
19038
19039
19039
19049
19055
19064
19066
19068
19075
19079
19082
19082
19087
19095
19101
19101
19102
19104
19118
19119
19120
19120
19122
19131
19138
19139
19158
19161
19165
19167
19168
19169
19173
19173
19180
19181
19186
19193
19194
19195
19197
19198
19202
19203
19204
19209
19210
19215
19216
19216
19217
19219
19219
19221
19230
19233
19234
19236
19244
19248
19250
19258
19261
19261
19270
19271
19282
19283
19283
19291
19292
19297
19300
19302
19304
19305
19310
19317
19318
19323
19324
19328
19331
19333
19334
19336
19336
19343
19347
19352
19355
19358
19368
19369
19372
19378
19384
19390
19390
19398
19409
19411
19412
19421
19428
19430
19431
19434
19434
19438
19443
19445
19445
19445
19450
19458
19464
19468
19486
19488
19491
19494
19495
19497
19505
19507
19511
19511
19515
19519
19525
19528
19530
19532
19536
19542
19547
19550
19556
19557
19569
19572
19575
19576
19577
19582
19587
19591
19598
19599
19602
19604
19608
19609
19624
19631
19636
19638
19639
19642
19651
19651
19655
19656
19657
19657
19658
19661
19666
19670
19672
19673
19674
19681
19683
19683
19687
19687
19689
19692
19694
19697
19707
19716
19716
19722
19733
19734
19750
19751
19755
19756
19762
19763
19767
19767
19768
19775
19777
19813
19821
19827
19832
19837
19842
19846
19849
19851
19852
19855
19858
19861
19865
19866
19867
19870
19870
19870
19871
19873
19879
19880
19894
19895
19898
19899
19899
19902
19905
19909
19910
19910
19924
19925
19927
19943
19962
19964
19969
19969
19972
19974
19977
19983
19990
19994
19995
20002
20005
20011
20013
20015
20019
20025
20027
20031
20043
20050
20052
20055
20057
20062
20065
20070
20071
20071
20074
20075
20087
20092
20093
20093
20099
20102
20110
20124
20126
20136
20140
20155
20157
20158
20161
20169
20169
20173
20181
20184
20187
20194
20200
20205
20211
20211
20218
20220
20223
20238
20238
20240
20246
20252
20252
20254
20265
20265
20267
20268
20275
20279
20282
20284
20285
20288
20293
20293
20296
20307
20310
20311
20312
20315
20319
20336
20342
20348
20348
20351
20353
20354
20355
20355
20359
20363
20364
20365
20365
20365
20368
20370
20373
20378
20380
20383
20384
20400
20405
20408
20412
20412
20418
20424
20430
20433
20435
20441
20448
20449
20451
20455
20457
20460
20470
20476
20491
20495
20501
20501
20504
20513
20521
20523
20528
20534
20537
20538
20547
20550
20555
20563
20563
20564
20565
20579
20588
20588
20602
20602
20604
20606
20609
20611
20619
20621
20622
20650
20651
20664
20679
20679
20681
20682
20687
20693
20693
20698
20699
20700
20704
20705
20710
20711
20720
20729
20729
20730
20734
20737
20741
20754
20754
20755
20757
20762
20762
20774
20777
20777
20779
20780
20780
20790
20816
20816
20817
20824
20828
20829
20830
20831
20833
20842
20842
20843
20847
20849
20851
20856
20862
20867
20873
20875
20875
20880
20882
20886
20893
20893
20893
20898
20899
20901
20901
20909
20914
20920
20921
20922
20924
20925
20930
20933
20946
20952
20953
20958
20961
20963
20966
20970
20979
20980
20980
20982
21022
21036
21037
21038
21045
21051
21059
21060
21061
21065
21068
21068
21071
21074
21076
21083
21085
21085
21087
21088
21089
21091
21092
21101
21102
21115
21119
21121
21150
21159
21171
21172
21179
21181
21187
21189
21202
21202
21207
21209
21210
21212
21214
21220
21222
21231
21232
21244
21246
21251
21253
21256
21260
21260
21269
21270
21271
21272
21276
21280
21283
21288
21291
21295
21296
21302
21304
21309
21310
21313
21321
21323
21325
21329
21329
21333
21341
21343
21345
21346
21346
21347
21350
21352
21353
21368
21373
21373
21374
21378
21382
21388
21388
21392
21397
21409
21411
21413
21414
21414
21416
21431
21432
21450
21454
21454
21458
21458
21460
21469
21471
21477
21480
21482
21483
21485
21487
21494
21496
21502
21505
21509
21511
21519
21523
21528
21541
21542
21545
21551
21557
21568
21581
21595
21600
21607
21607
21626
21630
21630
21639
21642
21642
21645
21645
21650
21652
21655
21660
21664
21666
21670
21672
21674
21682
21684
21698
21698
21711
21712
21712
21717
21722
21723
21724
21725
21729
21741
21742
21745
21747
21749
21753
21758
21760
21762
21765
21767
21774
21784
21793
21798
21809
21809
21825
21827
21828
21831
21837
21848
21852
21856
21857
21863
21880
21885
21890
21896
21897
21904
21912
21923
21925
21926
21929
21932
21932
21933
21938
21939
21946
21946
21948
21948
21952
21955
21958
21961
21966
21969
21971
21975
21980
21982
21983
21990
21992
21993
22002
22002
22003
22004
22009
22010
22012
22012
22016
22021
22031
22033
22036
22036
22037
22039
22045
22046
22048
22048
22052
22054
22059
22062
22069
22072
22073
22077
22079
22084
22091
22095
22097
22100
22100
22102
22102
22105
22110
22113
22115
22121
22124
22127
22143
22146
22149
22150
22154
22155
22159
22164
22177
22178
22179
22190
22194
22198
22207
22207
22207
22209
22209
22213
22214
22219
22219
22220
22230
22236
22241
22245
22247
22248
22256
22261
22263
22263
22271
22271
22271
22274
22291
22292
22302
22303
22306
22316
22317
22318
22327
22329
22335
22336
22340
22345
22349
22349
22359
22365
22370
22374
22390
22394
22401
22404
22411
22413
22422
22426
22429
22430
22435
22438
22447
22447
22450
22451
22454
22456
22466
22467
22469
22474
22479
22483
22486
22496
22497
22504
22505
22517
22517
22520
22520
22527
22531
22532
22535
22540
22543
22547
22549
22558
22561
22565
22567
22575
22576
22577
22578
22582
22584
22585
22588
22590
22591
22591
22600
22600
22602
22606
22612
22612
22612
22614
22617
22646
22646
22652
22659
22666
22671
22679
22681
22702
22707
22708
22709
22710
22715
22715
22722
22725
22726
22743
22745
22748
22755
22759
22764
22774
22780
22788
22789
22796
22796
22802
22809
22814
22823
22823
22823
22838
22841
22841
22843
22851
22853
22854
22854
22856
22862
22867
22876
22883
22885
22886
22892
22894
22899
22900
22902
22906
22908
22912
22914
22916
22916
22930
22933
22941
22950
22953
22958
22960
22960
22966
22966
22968
22979
22983
22984
22984
22987
22994
22996
23000
23000
23006
23012
23019
23025
23029
23030
23035
23036
23041
23047
23049
23053
23054
23069
23069
23069
23073
23076
23079
23088
23090
23093
23097
23097
23105
23116
23122
23126
23126
23126
23127
23131
23136
23138
23151
23156
23158
23165
23167
23171
23172
23178
23192
23193
23196
23199
23199
23199
23201
23204
23208
23212
23213
23218
23223
23230
23233
23236
23239
23250
23253
23254
23265
23267
23271
23280
23281
23283
23295
23297
23301
23305
23311
23317
23336
23339
23339
23348
23349
23354
23354
23356
23357
23361
23364
23365
23377
23380
23384
23395
23403
23407
23409
23412
23417
23426
23440
23443
23454
23455
23469
23471
23472
23473
23474
23475
23477
23482
23487
23489
23492
23504
23511
23516
23523
23525
23528
23528
23529
23531
23532
23532
23534
23534
23535
23535
23545
23549
23553
23553
23560
23566
23568
23581
23583
23584
23584
23586
23588
23591
23592
23594
23604
23607
23608
23612
23617
23625
23626
23631
23634
23640
23641
23645
23645
23648
23656
23657
23658
23669
23670
23680
23682
23684
23684
23691
23694
23703
23707
23708
23711
23714
23716
23721
23724
23728
23732
23739
23740
23741
23743
23746
23759
23763
23766
23766
23767
23771
23777
23778
23779
23787
23789
23793
23795
23799
23806
23815
23816
23827
23834
23837
23838
23839
23839
23841
23843
23855
23863
23866
23868
23882
23885
23892
23895
23896
23897
23897
23901
23901
23901
23905
23906
23909
23913
23913
23914
23923
23929
23935
23937
23940
23940
23943
23943
23946
23947
23952
23960
23964
23972
23973
23973
23975
23980
23982
23985
23988
23988
23994
23994
24002
24005
24007
24009
24023
24025
24028
24034
24039
24040
24055
24058
24059
24072
24073
24074
24077
24078
24080
24084
24087
24090
24091
24108
24110
24113
24117
24118
24123
24137
24138
24138
24140
24145
24146
24157
24159
24162
24165
24169
24171
24172
24175
24176
24178
24188
24195
24196
24201
24207
24208
24211
24220
24221
24222
24224
24224
24224
24227
24232
24241
24241
24241
24249
24252
24258
24264
24266
24269
24280
24314
24316
24316
24320
24324
24325
24330
24337
24359
24365
24365
24365
24374
24375
24378
24378
24381
24382
24385
24386
24394
24394
24400
24402
24405
24411
24412
24418
24418
24419
24419
24429
24435
24435
24435
24444
24445
24446
24446
24446
24457
24460
24460
24467
24469
24470
24473
24475
24481
24493
24499
24503
24508
24509
24510
24512
24513
24522
24522
24522
24522
24525
24527
24530
24533
24534
24535
24549
24553
24560
24576
24579
24585
24586
24593
24596
24597
24597
24608
24609
24611
24614
24626
24633
24637
24639
24644
24646
24646
24647
24654
24664
24674
24680
24687
24691
24693
24695
24695
24695
24695
24697
24700
24706
24707
24713
24723
24726
24731
24732
24734
24738
24741
24744
24745
24748
24749
24750
24751
24764
24774
24777
24788
24799
24806
24807
24808
24816
24816
24816
24818
24819
24822
24823
24832
24849
24850
24854
24854
24858
24861
24871
24871
24884
24886
24888
24890
24890
24891
24896
24908
24917
24920
24920
24922
24925
24925
24927
24929
24930
24931
24931
24933
24945
24952
24953
24954
24957
24962
24972
24976
24980
25005
25006
25020
25023
25041
25042
25042
25047
25047
25048
25048
25050
25059
25060
25061
25064
25069
25076
25077
25081
25088
25093
25106
25112
25119
25119
25121
25121
25128
25131
25148
25157
25160
25163
25165
25172
25178
25179
25180
25183
25187
25191
25200
25200
25201
25205
25205
25223
25228
25230
25235
25247
25253
25253
25256
25256
25257
25259
25261
25261
25264
25264
25266
25273
25279
25279
25282
25284
25287
25291
25295
25307
25319
25323
25339
25341
25353
25357
25361
25367
25371
25378
25384
25388
25390
25391
25417
25428
25432
25435
25442
25445
25448
25451
25452
25453
25463
25468
25472
25472
25472
25474
25474
25477
25481
25483
25484
25491
25495
25502
25506
25518
25527
25546
25547
25548
25548
25550
25554
25554
25555
25559
25564
25565
25593
25603
25611
25617
25628
25635
25636
25643
25646
25655
25656
25667
25674
25676
25679
25683
25689
25695
25698
25705
25708
25712
25720
25723
25724
25730
25731
25731
25732
25733
25741
25743
25744
25745
25752
25759
25760
25764
25764
25768
25771
25773
25773
25774
25774
25785
25788
25801
25802
25806
25807
25814
25817
25817
25825
25829
25832
25860
25861
25864
25867
25868
25870
25873
25887
25902
25907
25908
25921
25923
25924
25925
25928
25930
25932
25936
25943
25943
25946
25952
25955
25956
25961
25965
25965
25967
25969
25972
25985
25987
25988
25990
25996
25998
25998
26000
26000
26010
26015
26017
26021
26032
26032
26036
26040
26049
26065
26065
26065
26073
26076
26077
26078
26083
26084
26089
26089
26093
26095
26097
26098
26102
26105
26109
26112
26112
26113
26120
26121
26126
26131
26152
26163
26169
26170
26170
26173
26178
26181
26195
26199
26199
26201
26203
26217
26218
26219
26220
26225
26228
26228
26231
26232
26235
26238
26238
26238
26242
26242
26252
26252
26253
26256
26257
26257
26261
26262
26265
26266
26267
26270
26275
26279
26284
26288
26295
26311
26313
26317
26318
26327
26330
26330
26333
26337
26342
26349
26352
26358
26359
26366
26374
26376
26381
26390
26390
26396
26403
26405
26408
26413
26446
26448
26448
26449
26457
26474
26477
26477
26479
26483
26485
26486
26487
26489
26491
26500
26504
26504
26507
26515
26523
26523
26528
26557
26557
26565
26567
26572
26572
26581
26596
26598
26598
26602
26602
26604
26611
26618
26626
26628
26628
26635
26642
26655
26669
26672
26675
26684
26686
26696
26702
26708
26713
26714
26716
26716
26719
26719
26720
26730
26746
26757
26759
26761
26762
26768
26770
26772
26774
26783
26785
26792
26796
26797
26798
26807
26809
26813
26819
26819
26819
26826
26828
26829
26832
26838
26841
26849
26852
26875
26878
26886
26900
26910
26916
26928
26945
26947
26952
26954
26955
26970
26992
26999
27000
27003
27016
27017
27018
27025
27027
27038
27042
27046
27055
27055
27064
27067
27069
27074
27084
27086
27087
27090
27094
27097
27100
27112
27115
27134
27138
27149
27152
27157
27158
27162
27164
27165
27177
27188
27189
27191
27192
27195
27195
27197
27198
27200
27200
27202
27203
27210
27211
27212
27214
27219
27221
27225
27230
27232
27238
27242
27246
27254
27257
27258
27272
27280
27287
27290
27291
27297
27300
27302
27302
27309
27316
27327
27327
27331
27346
27350
27351
27361
27362
27367
27370
27370
27378
27379
27381
27383
27397
27399
27404
27407
27415
27426
27428
27436
27445
27449
27449
27450
27450
27454
27457
27459
27463
27463
27466
27469
27470
27473
27476
27477
27481
27484
27487
27492
27493
27494
27501
27511
27512
27523
27524
27529
27533
27535
27535
27537
27539
27545
27546
27547
27551
27561
27571
27586
27587
27594
27596
27601
27610
27612
27615
27618
27619
27624
27638
27644
27646
27653
27662
27662
27662
27666
27673
27685
27687
27691
27693
27698
27700
27705
27707
27713
27714
27728
27729
27735
27737
27745
27745
27765
27767
27767
27769
27792
27793
27817
27820
27822
27823
27832
27834
27837
27840
27841
27844
27847
27850
27853
27857
27861
27868
27869
27874
27875
27887
27892
27897
27901
27901
27902
27904
27907
27907
27911
27915
27915
27916
27921
27922
27922
27924
27925
27936
27944
27955
27961
27966
27969
27974
27979
27980
27982
27991
27992
27993
27998
28007
28020
28021
28022
28023
28024
28025
28029
28030
28034
28051
28052
28054
28059
28060
28069
28082
28083
28088
28088
28090
28095
28097
28099
28103
28106
28109
28110
28110
28119
28123
28123
28124
28127
28129
28131
28134
28140
28143
28143
28145
28145
28147
28151
28153
28157
28157
28158
28161
28162
28163
28164
28164
28167
28169
28173
28184
28189
28192
28193
28202
28203
28205
28206
28206
28209
28213
28213
28213
28224
28225
28234
28238
28242
28249
28249
28255
28256
28260
28270
28270
28271
28272
28274
28275
28276
28277
28278
28283
28287
28301
28303
28304
28312
28319
28327
28330
28339
28347
28349
28350
28358
28377
28380
28385
28387
28391
28394
28395
28400
28405
28405
28411
28412
28413
28416
28430
28432
28434
28444
28456
28459
28475
28477
28482
28484
28490
28492
28493
28497
28503
28507
28510
28511
28511
28514
28514
28522
28535
28547
28550
28553
28556
28567
28569
28569
28572
28572
28574
28585
28588
28591
28591
28596
28609
28611
28612
28618
28623
28623
28626
28630
28630
28631
28641
28646
28659
28661
28661
28663
28681
28683
28689
28689
28696
28701
28705
28707
28707
28707
28709
28712
28712
28714
28714
28714
28716
28720
28721
28722
28722
28729
28742
28743
28746
28746
28746
28758
28764
28780
28782
28786
28786
28788
28791
28794
28804
28809
28823
28829
28831
28832
28839
28841
28847
28847
28869
28872
28872
28876
28880
28880
28887
28901
28903
28903
28909
28910
28917
28930
28934
28949
28952
28967
28969
28970
28978
29007
29008
29010
29021
29027
29029
29033
29037
29045
29047
29051
29052
29052
29057
29059
29061
29063
29070
29079
29080
29080
29083
29085
29096
29100
29102
29103
29108
29113
29114
29118
29121
29130
29130
29146
29147
29148
29151
29157
29157
29157
29162
29167
29169
29172
29174
29184
29184
29187
29188
29188
29192
29197
29200
29201
29204
29211
29211
29211
29212
29221
29229
29230
29231
29240
29247
29253
29264
29266
29271
29274
29283
29285
29286
29286
29291
29295
29298
29300
29308
29333
29338
29340
29340
29343
29347
29347
29352
29365
29376
29389
29393
29395
29398
29410
29413
29413
29416
29420
29422
29427
29434
29436
29445
29445
29445
29446
29447
29458
29462
29463
29463
29466
29473
29475
29476
29482
29484
29488
29492
29492
29493
29496
29498
29519
29524
29524
29528
29541
29542
29545
29545
29546
29547
29547
29547
29555
29559
29567
29569
29569
29570
29583
29588
29590
29598
29617
29618
29618
29622
29623
29625
29628
29630
29630
29630
29633
29637
29654
29655
29658
29662
29663
29678
29680
29683
29683
29687
29690
29691
29694
29694
29702
29709
29713
29718
29719
29722
29723
29726
29730
29731
29742
29743
29747
29747
29752
29753
29754
29756
29762
29777
29777
29787
29789
29793
29796
29802
29805
29824
29832
29836
29841
29844
29844
29846
29848
29856
29857
29862
29863
29865
29866
29866
29867
29872
29882
29882
29884
29884
29892
29895
29896
29902
29906
29906
29907
29924
29924
29930
29931
29933
29943
29944
29945
29949
29953
29958
29976
29984
29992
29992
29997
30002
30009
30011
30015
30016
30017
30019
30029
30038
30041
30049
30049
30056
30064
30077
30085
30086
30087
30099
30112
30115
30117
30118
30128
30141
30145
30150
30161
30164
30166
30172
30173
30174
30177
30186
30195
30206
30208
30208
30217
30219
30226
30227
30228
30229
30231
30239
30242
30255
30259
30259
30271
30272
30273
30284
30284
30285
30289
30291
30293
30296
30297
30298
30301
30305
30322
30328
30329
30329
30335
30336
30340
30341
30343
30344
30349
30352
30354
30355
30364
30371
30374
30379
30379
30379
30383
30385
30386
30388
30390
30391
30394
30398
30402
30403
30410
30412
30417
30418
30419
30425
30427
30429
30444
30455
30455
30456
30456
30459
30462
30463
30469
30470
30476
30480
30485
30490
30490
30495
30496
30504
30504
30507
30511
30515
30520
30528
30543
30543
30546
30548
30553
30558
30560
30575
30576
30582
30583
30585
30589
30590
30590
30595
30611
30627
30630
30631
30649
30650
30655
30661
30667
30705
30715
30716
30725
30729
30731
30738
30738
30748
30756
30761
30773
30778
30779
30786
30786
30790
30795
30795
30812
30815
30817
30818
30823
30828
30828
30832
30841
30843
30845
30845
30851
30860
30863
30868
30879
30882
30883
30884
30895
30900
30902
30908
30908
30910
30915
30917
30930
30934
30935
30937
30949
30955
30958
30974
30987
31000
31002
31012
31015
31015
31015
31018
31030
31033
31045
31050
31055
31056
31062
31065
31069
31069
31069
31072
31075
31081
31084
31087
31096
31099
31116
31125
31128
31132
31140
31143
31151
31152
31163
31176
31189
31195
31196
31198
31198
31199
31203
31206
31211
31211
31212
31220
31222
31225
31237
31251
31253
31261
31264
31265
31269
31286
31291
31295
31297
31300
31307
31309
31312
31316
31321
31335
31337
31341
31341
31341
31341
31343
31347
31349
31357
31358
31372
31379
31381
31384
31386
31395
31397
31403
31411
31412
31412
31414
31414
31418
31429
31432
31434
31439
31443
31444
31446
31449
31452
31464
31469
31469
31475
31477
31481
31496
31497
31498
31498
31505
31506
31506
31507
31510
31515
31516
31526
31535
31539
31539
31552
31557
31561
31570
31572
31574
31583
31585
31586
31595
31599
31608
31609
31612
31614
31616
31619
31619
31620
31637
31644
31661
31662
31672
31674
31679
31681
31681
31684
31684
31687
31697
31708
31719
31726
31731
31736
31739
31742
31752
31761
31763
31776
31778
31783
31784
31787
31793
31795
31796
31796
31796
31800
31800
31803
31804
31804
31816
31817
31819
31823
31828
31829
31830
31830
31844
31849
31850
31861
31861
31863
31863
31875
31876
31880
31883
31885
31889
31890
31894
31898
31899
31899
31900
31901
31906
31908
31913
31913
31922
31932
31934
31937
31937
31943
31954
31958
31962
31967
31967
31969
31970
31974
31976
31984
31990
32000
32001
32007
32010
32011
32013
32014
32017
32020
32029
32034
32037
32037
32040
32042
32048
32053
32054
32060
32062
32070
32073
32075
32086
32087
32091
32092
32099
32101
32104
32107
32113
32114
32126
32132
32134
32134
32137
32138
32138
32144
32146
32147
32149
32157
32167
32172
32173
32175
32195
32204
32205
32206
32217
32229
32233
32235
32238
32245
32254
32269
32270
32271
32271
32274
32275
32277
32280
32285
32292
32292
32294
32299
32312
32315
32315
32324
32327
32327
32328
32333
32333
32337
32337
32343
32343
32344
32361
32362
32362
32364
32378
32385
32386
32398
32403
32404
32407
32408
32411
32411
32424
32427
32429
32443
32446
32447
32452
32454
32458
32470
32471
32472
32481
32489
32490
32492
32493
32497
32500
32503
32509
32515
32520
32522
32524
32534
32537
32541
32545
32545
32546
32550
32552
32556
32557
32560
32562
32564
32570
32575
32580
32588
32593
32594
32595
32608
32610
32614
32620
32622
32622
32637
32638
32642
32646
32649
32651
32655
32661
32668
32672
32673
32700
32703
32704
32727
32740
32741
32742
32747
32751
32758
32762
32763
