378
420
523
587
706
1090
1112
1163
2300
2445
3160
3543
4646
4839
5139
5205
5419
5513
5562
6729
7839
8075
8371
9261
9472
10008
10541
10722
11019
11240
11273
11914
12150
12432
13699
13769
13831
15702
16062
16284
16371
16598
16801
16974
17135
17286
17887
17913
18523
18646
18857
18888
19539
19606
19653
19947
20561
21100
21492
22092
22107
22543
22796
23134
23339
23423
23585
24025
24096
25084
25314
25477
25775
25799
25845
25851
25928
25995
27122
28228
28275
28296
29368
29430
29496
29526
29960
30059
30359
30383
30918
31015
31128
31209
31350
31909
32159
32377
32416
32565
