9994
9986
9981
9958
9956
9947
9944
9944
9942
9936
9933
9930
9923
9897
9896
9892
9885
9882
9875
9862
9860
9838
9837
9818
9811
9806
9796
9757
9755
9749
9733
9729
9722
9715
9714
9713
9702
9697
9696
9694
9693
9687
9675
9671
9662
9655
9653
9652
9650
9645
9640
9637
9637
9617
9615
9612
9609
9583
9580
9565
9562
9559
9558
9556
9555
9553
9553
9537
9535
9531
9530
9518
9504
9489
9489
9476
9472
9467
9447
9442
9440
9439
9429
9412
9411
9404
9399
9398
9392
9376
9360
9346
9343
9343
9331
9329
9321
9316
9316
9308
9308
9302
9294
9293
9285
9283
9283
9276
9273
9271
9266
9259
9252
9252
9220
9219
9194
9193
9176
9173
9164
9161
9161
9160
9153
9149
9148
9140
9122
9117
9094
9085
9080
9074
9070
9058
9052
9050
9050
9046
9029
9016
9013
9013
9009
9006
9000
8987
8972
8971
8948
8939
8939
8939
8935
8911
8902
8899
8896
8894
8889
8889
8889
8886
8883
8872
8859
8851
8840
8839
8835
8830
8827
8824
8819
8801
8790
8769
8758
8754
8742
8737
8725
8715
8713
8694
8676
8667
8657
8653
8637
8630
8628
8622
8604
8601
8600
8596
8594
8590
8588
8580
8580
8573
8570
8560
8554
8545
8537
8523
8490
8483
8482
8475
8455
8453
8448
8448
8447
8444
8439
8437
8411
8407
8387
8384
8380
8379
8365
8356
8342
8339
8332
8321
8318
8299
8294
8291
8288
8286
8266
8246
8224
8206
8205
8197
8187
8184
8173
8168
8163
8161
8157
8149
8144
8143
8138
8131
8123
8120
8107
8086
8075
8075
8065
8064
8061
8061
8038
8032
8032
8030
8018
8015
7995
7982
7973
7972
7971
7955
7949
7923
7913
7913
7906
7891
7885
7876
7864
7859
7857
7851
7849
7824
7807
7788
7786
7777
7776
7771
7750
7750
7748
7730
7726
7720
7707
7706
7683
7673
7665
7658
7645
7642
7632
7631
7629
7621
7609
7608
7602
7599
7588
7587
7580
7575
7570
7557
7556
7551
7550
7548
7531
7513
7513
7511
7502
7501
7500
7495
7494
7493
7487
7484
7480
7477
7440
7438
7437
7426
7420
7409
7394
7389
7389
7381
7375
7366
7362
7361
7360
7358
7358
7347
7346
7341
7325
7317
7310
7279
7276
7275
7262
7252
7244
7233
7222
7220
7214
7197
7186
7176
7175
7175
7171
7169
7142
7125
7123
7110
7107
7102
7088
7079
7077
7065
7059
7043
7033
7025
7024
7015
6986
6972
6968
6966
6965
6959
6956
6954
6949
6948
6930
6922
6922
6920
6919
6915
6914
6901
6890
6876
6862
6857
6841
6839
6832
6803
6798
6796
6796
6772
6766
6755
6740
6739
6738
6737
6727
6717
6709
6699
6697
6673
6670
6657
6637
6634
6627
6622
6616
6608
6603
6601
6600
6598
6595
6594
6592
6584
6574
6571
6563
6553
6550
6549
6547
6546
6535
6535
6527
6515
6515
6510
6507
6507
6487
6483
6480
6469
6457
6454
6443
6434
6405
6404
6401
6392
6386
6372
6368
6367
6359
6345
6337
6335
6312
6311
6310
6304
6298
6289
6265
6263
6248
6248
6245
6239
6227
6221
6203
6177
6167
6163
6163
6156
6148
6146
6141
6123
6120
6115
6109
6105
6100
6096
6093
6085
6083
6079
6075
6071
6069
6064
6063
6062
6060
6057
6048
6046
6042
6014
6012
6003
6002
5984
5971
5969
5960
5956
5954
5953
5952
5950
5948
5946
5944
5932
5930
5917
5902
5902
5895
5883
5881
5877
5872
5872
5871
5869
5857
5856
5850
5841
5835
5809
5768
5767
5765
5763
5758
5757
5755
5751
5746
5737
5719
5719
5699
5688
5657
5648
5648
5636
5635
5627
5624
5619
5617
5616
5612
5610
5602
5602
5587
5580
5568
5564
5557
5546
5546
5534
5508
5507
5493
5487
5484
5482
5469
5464
5440
5429
5412
5406
5403
5401
5385
5367
5352
5337
5333
5328
5328
5326
5307
5305
5303
5297
5296
5274
5271
5266
5260
5260
5257
5247
5247
5247
5244
5239
5229
5222
5221
5219
5212
5207
5185
5175
5171
5154
5139
5129
5116
5109
5107
5106
5092
5091
5090
5088
5084
5083
5081
5079
5074
5074
5068
5061
5052
5050
5042
5032
5029
5020
5017
5017
5010
5009
5001
5001
4984
4984
4980
4974
4973
4969
4953
4951
4949
4937
4933
4921
4914
4913
4910
4908
4903
4896
4889
4887
4880
4879
4812
4771
4770
4757
4752
4746
4737
4731
4722
4720
4711
4709
4705
4699
4693
4678
4668
4651
4647
4645
4621
4617
4608
4608
4605
4603
4602
4569
4564
4540
4536
4510
4501
4486
4481
4464
4433
4428
4416
4409
4406
4383
4371
4371
4365
4364
4359
4355
4342
4323
4308
4277
4269
4266
4255
4249
4240
4236
4235
4229
4222
4220
4220
4220
4220
4217
4209
4207
4204
4200
4198
4197
4178
4176
4168
4163
4162
4160
4153
4148
4145
4142
4137
4130
4092
4087
4086
4069
4060
4058
4056
4045
4024
4012
4008
4007
3999
3977
3971
3964
3949
3942
3941
3937
3934
3932
3931
3927
3917
3915
3914
3912
3909
3905
3898
3886
3878
3855
3855
3845
3830
3821
3819
3814
3810
3802
3798
3796
3791
3770
3767
3761
3746
3741
3739
3739
3724
3717
3701
3698
3695
3695
3681
3644
3629
3628
3626
3621
3617
3587
3587
3584
3578
3573
3563
3543
3543
3528
3521
3514
3508
3492
3481
3480
3473
3470
3467
3466
3447
3439
3437
3432
3418
3410
3406
3395
3392
3388
3385
3382
3374
3361
3359
3339
3336
3316
3310
3308
3297
3277
3265
3263
3254
3248
3239
3234
3223
3216
3215
3213
3208
3207
3200
3182
3178
3177
3171
3170
3142
3141
3140
3136
3127
3110
3104
3094
3093
3089
3085
3084
3081
3078
3074
3071
3061
3057
3056
3046
3042
3039
3039
3039
3030
3019
3012
2996
2994
2993
2970
2970
2966
2966
2961
2959
2949
2934
2925
2917
2908
2898
2896
2894
2887
2887
2886
2883
2871
2864
2864
2842
2841
2834
2832
2831
2827
2822
2818
2812
2811
2806
2803
2800
2785
2782
2775
2765
2762
2761
2760
2742
2740
2739
2739
2733
2731
2728
2722
2722
2718
2716
2708
2696
2694
2694
2693
2681
2663
2658
2644
2643
2642
2641
2630
2625
2620
2618
2616
2611
2607
2606
2600
2599
2598
2591
2586
2585
2576
2569
2567
2566
2555
2551
2549
2545
2544
2526
2519
2519
2517
2494
2464
2452
2443
2440
2437
2396
2386
2385
2382
2380
2376
2368
2366
2350
2343
2339
2339
2339
2339
2336
2333
2329
2322
2309
2299
2293
2290
2290
2287
2280
2277
2267
2252
2252
2246
2243
2239
2228
2219
2216
2209
2204
2193
2187
2180
2179
2178
2175
2171
2171
2168
2161
2157
2155
2154
2140
2139
2136
2135
2128
2128
2117
2112
2109
2090
2089
2081
2074
2071
2045
2039
2030
2030
2025
2025
2016
2015
2006
1999
1998
1990
1987
1986
1981
1969
1968
1966
1961
1955
1951
1947
1946
1945
1943
1932
1922
1921
1916
1912
1903
1881
1875
1875
1867
1853
1852
1851
1846
1839
1821
1818
1816
1808
1800
1788
1787
1784
1772
1758
1745
1738
1737
1732
1727
1721
1714
1704
1699
1697
1696
1692
1686
1684
1660
1658
1648
1646
1644
1643
1642
1638
1633
1625
1619
1614
1607
1603
1590
1589
1584
1580
1578
1556
1556
1555
1553
1549
1541
1532
1530
1522
1519
1515
1512
1511
1499
1499
1494
1490
1484
1480
1476
1474
1467
1461
1459
1457
1451
1449
1445
1442
1441
1436
1432
1422
1419
1414
1410
1406
1398
1397
1397
1387
1380
1375
1368
1367
1353
1320
1319
1317
1314
1296
1281
1268
1264
1249
1247
1217
1214
1213
1210
1208
1207
1204
1200
1179
1172
1172
1167
1165
1154
1151
1145
1142
1141
1141
1137
1136
1132
1130
1126
1117
1113
1110
1106
1097
1093
1093
1089
1085
1079
1078
1067
1063
1060
1037
1032
1032
1029
1022
1006
1006
1003
1000
1000
992
991
988
982
981
979
978
975
963
962
960
952
952
940
936
933
931
929
918
916
907
890
888
883
878
875
863
862
862
857
857
845
844
838
834
833
831
821
818
818
813
812
809
808
800
793
792
792
791
788
784
781
772
748
740
732
731
720
719
719
701
700
699
693
691
691
691
686
683
676
675
668
658
657
656
649
648
648
642
640
637
623
622
621
615
606
603
601
600
597
596
590
584
579
576
575
574
570
562
559
551
548
542
531
528
521
520
502
499
492
486
478
478
472
460
455
441
434
432
428
426
425
422
414
411
408
397
391
391
378
377
365
361
361
353
345
338
330
324
313
298
296
295
289
287
278
278
276
276
266
247
243
238
234
232
231
227
224
219
213
211
208
198
197
186
184
183
181
178
174
174
173
171
166
162
160
159
149
149
148
139
129
117
117
109
107
106
97
85
85
84
73
54
52
51
41
37
34
19
10
3
0
