32764
32759
32743
32613
32605
32591
32570
32565
32544
32503
32476
32474
32384
32308
32304
32294
32285
32223
32199
32177
32104
32043
32041
32013
32005
31976
31926
31837
31825
31822
31800
31778
31743
31655
31655
31633
31569
31567
31508
31473
31469
31391
31357
31353
31299
31271
31244
31240
31236
31210
31197
31147
31069
31025
31020
31002
30991
30988
30963
30932
30891
30889
30841
30840
30837
30835
30687
30681
30648
30624
30618
30551
30519
30471
30461
30420
30404
30335
30300
30258
30246
30244
30234
30217
30182
30158
30114
30111
30061
30041
30021
29980
29930
29847
29839
29832
29827
29823
29812
29706
29704
29701
29655
29639
29540
29519
29505
29499
29435
29396
29371
29337
29332
29323
29225
29129
29087
29046
28977
28940
28857
28830
28821
28799
28781
28751
28713
28667
28615
28585
28571
28558
28552
28494
28473
28384
28356
28285
28264
28221
28174
28126
27883
27882
27869
27835
27795
27782
27770
27744
27658
27401
27396
27352
27296
27227
27211
27206
27174
27163
27053
27048
27026
27023
26925
26918
26888
26857
26840
26827
26811
26722
26719
26684
26641
26639
26635
26635
26628
26604
26536
26315
26301
26299
26295
26294
26284
26284
26264
26200
26199
26165
26153
25958
25955
25935
25931
25918
25906
25873
25795
25785
25777
25775
25755
25740
25732
25609
25433
25308
25293
25282
25279
25226
25210
25150
25119
25114
25068
25041
25011
24950
24928
24888
24859
24846
24844
24784
24771
24748
24741
24733
24712
24708
24676
24669
24639
24633
24608
24604
24492
24466
24445
24414
24414
24252
24252
24132
24116
24114
24101
24083
24081
23955
23941
23894
23820
23801
23781
23780
23751
23640
23593
23579
23537
23506
23497
23473
23471
23452
23430
23410
23394
23215
23191
23139
23103
23068
23023
22969
22958
22884
22828
22789
22713
22702
22653
22615
22559
22535
22520
22501
22493
22423
22372
22333
22321
22283
22226
22185
22164
22125
22124
22119
22070
22050
22030
21972
21956
21938
21865
21841
21805
21774
21763
21752
21715
21690
21485
21479
21458
21429
21301
21265
21227
21220
21190
21179
21158
21115
20904
20902
20889
20828
20818
20811
20790
20766
20670
20648
20632
20602
20595
20585
20578
20539
20530
20529
20476
20474
20472
20418
20374
20334
20321
20321
20248
20238
20171
20154
20154
20115
20101
19925
19899
19890
19853
19808
19806
19772
19764
19724
19693
19622
19537
19480
19468
19456
19424
19420
19418
19415
19414
19409
19348
19346
19332
19269
19264
19236
19218
19215
19183
19157
19146
19063
19056
19023
19018
18976
18963
18906
18867
18785
18770
18766
18751
18715
18681
18656
18633
18605
18601
18599
18567
18557
18543
18524
18520
18500
18477
18472
18450
18412
18408
18334
18332
18295
18275
18275
18256
18241
18204
18195
18187
18180
18153
18153
18112
18070
18067
18042
18019
17936
17914
17894
17891
17887
17884
17881
17867
17866
17853
17842
17819
17817
17816
17788
17786
17780
17735
17732
17635
17627
17570
17566
17507
17371
17357
17351
17346
17345
17333
17329
17322
17220
17205
17163
17119
17087
17051
17044
16983
16956
16938
16883
16871
16856
16738
16711
16663
16631
16594
16582
16546
16533
16517
16488
16402
16389
16353
16347
16329
16268
16246
16243
16202
16162
16093
16085
16082
16055
15999
15925
15925
15881
15803
15727
15675
15550
15529
15495
15476
15461
15427
15372
15343
15299
15269
15265
15262
15259
15243
15142
15122
15109
15088
15004
14986
14916
14869
14867
14847
14819
14804
14766
14739
14697
14662
14648
14645
14550
14468
14445
14444
14374
14338
14328
14313
14304
14295
14243
14233
14231
14182
14102
14087
14043
14036
14020
13990
13989
13977
13911
13885
13867
13782
13775
13770
13658
13631
13621
13605
13588
13576
13549
13542
13513
13410
13395
13331
13255
13222
13209
13199
13083
13079
13078
13045
13041
13040
13000
12994
12960
12923
12919
12907
12902
12774
12760
12724
12707
12697
12695
12652
12649
12647
12570
12565
12514
12512
12506
12501
12493
12443
12438
12434
12424
12351
12325
12296
12160
12110
12103
12087
12046
12036
12034
11896
11884
11874
11862
11815
11790
11745
11742
11716
11691
11687
11686
11640
11583
11581
11538
11469
11468
11468
11433
11363
11310
11304
11297
11176
11157
11125
11039
11023
10917
10916
10903
10899
10823
10699
10652
10635
10606
10601
10488
10342
10300
10275
10259
10259
10259
10245
10242
10141
10128
10107
10091
10090
10081
10072
10052
10013
10001
9997
9964
9951
9949
9921
9881
9866
9861
9856
9803
9803
9772
9703
9683
9647
9609
9581
9581
9564
9550
9507
9477
9476
9342
9307
9306
9289
9261
9160
9121
9055
9037
8998
8957
8930
8899
8862
8825
8813
8764
8762
8741
8681
8669
8554
8493
8488
8480
8476
8472
8373
8325
8320
8294
8207
8089
8055
8031
8008
7982
7962
7944
7869
7867
7838
7811
7797
7773
7746
7739
7724
7706
7696
7679
7657
7597
7529
7432
7413
7411
7401
7323
7248
7227
7168
7153
7148
7147
7099
7004
6998
6996
6990
6961
6932
6926
6877
6839
6785
6767
6748
6730
6723
6722
6718
6697
6646
6558
6555
6506
6502
6471
6400
6342
6319
6271
6269
6252
6164
6151
6143
6082
6069
5951
5838
5836
5816
5721
5708
5608
5530
5517
5488
5482
5458
5345
5329
5321
5312
5241
5028
5025
5017
4992
4916
4795
4746
4668
4642
4629
4609
4517
4490
4396
4395
4364
4341
4322
4288
4263
4260
4259
4193
4188
4143
4096
4066
4051
4012
3997
3996
3930
3923
3910
3893
3855
3836
3787
3730
3722
3716
3675
3587
3564
3530
3512
3506
3489
3472
3467
3409
3406
3394
3385
3377
3264
3203
3199
3186
3184
3180
3180
3125
3109
3058
3053
3033
3003
2995
2992
2959
2951
2945
2929
2923
2904
2878
2859
2854
2839
2825
2797
2792
2778
2778
2752
2729
2700
2674
2652
2623
2589
2525
2473
2471
2426
2414
2397
2369
2367
2327
2317
2203
2154
2136
2136
2122
2108
2069
2064
2046
2031
2014
2008
1980
1920
1832
1818
1704
1680
1562
1558
1538
1516
1459
1369
1290
1286
1244
1212
1200
1170
1163
1161
1049
954
942
900
869
850
817
711
683
671
666
630
565
548
539
520
503
498
392
367
335
283
283
218
147
70
59
26
24
8
