0
3
10
19
34
37
41
51
52
54
73
84
85
85
97
106
107
109
117
117
129
139
148
149
149
159
160
162
166
171
173
174
174
178
181
183
184
186
197
198
208
211
213
219
224
227
231
232
234
238
243
247
266
276
276
278
278
287
289
295
296
298
313
324
330
338
345
353
361
361
365
377
378
391
391
397
408
411
414
422
425
426
428
432
434
441
455
460
472
478
478
486
492
499
502
520
521
528
531
542
548
551
559
562
570
574
575
576
579
584
590
596
597
600
601
603
606
615
621
622
623
637
640
642
648
648
649
656
657
658
668
675
676
683
686
691
691
691
693
699
700
701
719
719
720
731
732
740
748
772
781
784
788
791
792
792
793
800
808
809
812
813
818
818
821
831
833
834
838
844
845
857
857
862
862
863
875
878
883
888
890
907
916
918
929
931
933
936
940
952
952
960
962
963
975
978
979
981
982
988
991
992
1000
1000
1003
1006
1006
1022
1029
1032
1032
1037
1060
1063
1067
1078
1079
1085
1089
1093
1093
1097
1106
1110
1113
1117
1126
1130
1132
1136
1137
1141
1141
1142
1145
1151
1154
1165
1167
1172
1172
1179
1200
1204
1207
1208
1210
1213
1214
1217
1247
1249
1264
1268
1281
1296
1314
1317
1319
1320
1353
1367
1368
1375
1380
1387
1397
1397
1398
1406
1410
1414
1419
1422
1432
1436
1441
1442
1445
1449
1451
1457
1459
1461
1467
1474
1476
1480
1484
1490
1494
1499
1499
1511
1512
1515
1519
1522
1530
1532
1541
1549
1553
1555
1556
1556
1578
1580
1584
1589
1590
1603
1607
1614
1619
1625
1633
1638
1642
1643
1644
1646
1648
1658
1660
1684
1686
1692
1696
1697
1699
1704
1714
1721
1727
1732
1737
1738
1745
1758
1772
1784
1787
1788
1800
1808
1816
1818
1821
1839
1846
1851
1852
1853
1867
1875
1875
1881
1903
1912
1916
1921
1922
1932
1943
1945
1946
1947
1951
1955
1961
1966
1968
1969
1981
1986
1987
1990
1998
1999
2006
2015
2016
2025
2025
2030
2030
2039
2045
2071
2074
2081
2089
2090
2109
2112
2117
2128
2128
2135
2136
2139
2140
2154
2155
2157
2161
2168
2171
2171
2175
2178
2179
2180
2187
2193
2204
2209
2216
2219
2228
2239
2243
2246
2252
2252
2267
2277
2280
2287
2290
2290
2293
2299
2309
2322
2329
2333
2336
2339
2339
2339
2339
2343
2350
2366
2368
2376
2380
2382
2385
2386
2396
2437
2440
2443
2452
2464
2494
2517
2519
2519
2526
2544
2545
2549
2551
2555
2566
2567
2569
2576
2585
2586
2591
2598
2599
2600
2606
2607
2611
2616
2618
2620
2625
2630
2641
2642
2643
2644
2658
2663
2681
2693
2694
2694
2696
2708
2716
2718
2722
2722
2728
2731
2733
2739
2739
2740
2742
2760
2761
2762
2765
2775
2782
2785
2800
2803
2806
2811
2812
2818
2822
2827
2831
2832
2834
2841
2842
2864
2864
2871
2883
2886
2887
2887
2894
2896
2898
2908
2917
2925
2934
2949
2959
2961
2966
2966
2970
2970
2993
2994
2996
3012
3019
3030
3039
3039
3039
3042
3046
3056
3057
3061
3071
3074
3078
3081
3084
3085
3089
3093
3094
3104
3110
3127
3136
3140
3141
3142
3170
3171
3177
3178
3182
3200
3207
3208
3213
3215
3216
3223
3234
3239
3248
3254
3263
3265
3277
3297
3308
3310
3316
3336
3339
3359
3361
3374
3382
3385
3388
3392
3395
3406
3410
3418
3432
3437
3439
3447
3466
3467
3470
3473
3480
3481
3492
3508
3514
3521
3528
3543
3543
3563
3573
3578
3584
3587
3587
3617
3621
3626
3628
3629
3644
3681
3695
3695
3698
3701
3717
3724
3739
3739
3741
3746
3761
3767
3770
3791
3796
3798
3802
3810
3814
3819
3821
3830
3845
3855
3855
3878
3886
3898
3905
3909
3912
3914
3915
3917
3927
3931
3932
3934
3937
3941
3942
3949
3964
3971
3977
3999
4007
4008
4012
4024
4045
4056
4058
4060
4069
4086
4087
4092
4130
4137
4142
4145
4148
4153
4160
4162
4163
4168
4176
4178
4197
4198
4200
4204
4207
4209
4217
4220
4220
4220
4220
4222
4229
4235
4236
4240
4249
4255
4266
4269
4277
4308
4323
4342
4355
4359
4364
4365
4371
4371
4383
4406
4409
4416
4428
4433
4464
4481
4486
4501
4510
4536
4540
4564
4569
4602
4603
4605
4608
4608
4617
4621
4645
4647
4651
4668
4678
4693
4699
4705
4709
4711
4720
4722
4731
4737
4746
4752
4757
4770
4771
4812
4879
4880
4887
4889
4896
4903
4908
4910
4913
4914
4921
4933
4937
4949
4951
4953
4969
4973
4974
4980
4984
4984
5001
5001
5009
5010
5017
5017
5020
5029
5032
5042
5050
5052
5061
5068
5074
5074
5079
5081
5083
5084
5088
5090
5091
5092
5106
5107
5109
5116
5129
5139
5154
5171
5175
5185
5207
5212
5219
5221
5222
5229
5239
5244
5247
5247
5247
5257
5260
5260
5266
5271
5274
5296
5297
5303
5305
5307
5326
5328
5328
5333
5337
5352
5367
5385
5401
5403
5406
5412
5429
5440
5464
5469
5482
5484
5487
5493
5507
5508
5534
5546
5546
5557
5564
5568
5580
5587
5602
5602
5610
5612
5616
5617
5619
5624
5627
5635
5636
5648
5648
5657
5688
5699
5719
5719
5737
5746
5751
5755
5757
5758
5763
5765
5767
5768
5809
5835
5841
5850
5856
5857
5869
5871
5872
5872
5877
5881
5883
5895
5902
5902
5917
5930
5932
5944
5946
5948
5950
5952
5953
5954
5956
5960
5969
5971
5984
6002
6003
6012
6014
6042
6046
6048
6057
6060
6062
6063
6064
6069
6071
6075
6079
6083
6085
6093
6096
6100
6105
6109
6115
6120
6123
6141
6146
6148
6156
6163
6163
6167
6177
6203
6221
6227
6239
6245
6248
6248
6263
6265
6289
6298
6304
6310
6311
6312
6335
6337
6345
6359
6367
6368
6372
6386
6392
6401
6404
6405
6434
6443
6454
6457
6469
6480
6483
6487
6507
6507
6510
6515
6515
6527
6535
6535
6546
6547
6549
6550
6553
6563
6571
6574
6584
6592
6594
6595
6598
6600
6601
6603
6608
6616
6622
6627
6634
6637
6657
6670
6673
6697
6699
6709
6717
6727
6737
6738
6739
6740
6755
6766
6772
6796
6796
6798
6803
6832
6839
6841
6857
6862
6876
6890
6901
6914
6915
6919
6920
6922
6922
6930
6948
6949
6954
6956
6959
6965
6966
6968
6972
6986
7015
7024
7025
7033
7043
7059
7065
7077
7079
7088
7102
7107
7110
7123
7125
7142
7169
7171
7175
7175
7176
7186
7197
7214
7220
7222
7233
7244
7252
7262
7275
7276
7279
7310
7317
7325
7341
7346
7347
7358
7358
7360
7361
7362
7366
7375
7381
7389
7389
7394
7409
7420
7426
7437
7438
7440
7477
7480
7484
7487
7493
7494
7495
7500
7501
7502
7511
7513
7513
7531
7548
7550
7551
7556
7557
7570
7575
7580
7587
7588
7599
7602
7608
7609
7621
7629
7631
7632
7642
7645
7658
7665
7673
7683
7706
7707
7720
7726
7730
7748
7750
7750
7771
7776
7777
7786
7788
7807
7824
7849
7851
7857
7859
7864
7876
7885
7891
7906
7913
7913
7923
7949
7955
7971
7972
7973
7982
7995
8015
8018
8030
8032
8032
8038
8061
8061
8064
8065
8075
8075
8086
8107
8120
8123
8131
8138
8143
8144
8149
8157
8161
8163
8168
8173
8184
8187
8197
8205
8206
8224
8246
8266
8286
8288
8291
8294
8299
8318
8321
8332
8339
8342
8356
8365
8379
8380
8384
8387
8407
8411
8437
8439
8444
8447
8448
8448
8453
8455
8475
8482
8483
8490
8523
8537
8545
8554
8560
8570
8573
8580
8580
8588
8590
8594
8596
8600
8601
8604
8622
8628
8630
8637
8653
8657
8667
8676
8694
8713
8715
8725
8737
8742
8754
8758
8769
8790
8801
8819
8824
8827
8830
8835
8839
8840
8851
8859
8872
8883
8886
8889
8889
8889
8894
8896
8899
8902
8911
8935
8939
8939
8939
8948
8971
8972
8987
9000
9006
9009
9013
9013
9016
9029
9046
9050
9050
9052
9058
9070
9074
9080
9085
9094
9117
9122
9140
9148
9149
9153
9160
9161
9161
9164
9173
9176
9193
9194
9219
9220
9252
9252
9259
9266
9271
9273
9276
9283
9283
9285
9293
9294
9302
9308
9308
9316
9316
9321
9329
9331
9343
9343
9346
9360
9376
9392
9398
9399
9404
9411
9412
9429
9439
9440
9442
9447
9467
9472
9476
9489
9489
9504
9518
9530
9531
9535
9537
9553
9553
9555
9556
9558
9559
9562
9565
9580
9583
9609
9612
9615
9617
9637
9637
9640
9645
9650
9652
9653
9655
9662
9671
9675
9687
9693
9694
9696
9697
9702
9713
9714
9715
9722
9729
9733
9749
9755
9757
9796
9806
9811
9818
9837
9838
9860
9862
9875
9882
9885
9892
9896
9897
9923
9930
9933
9936
9942
9944
9944
9947
9956
9958
9981
9986
9994
