9999
9994
9983
9983
9983
9982
9981
9969
9966
9958
9949
9931
9924
9922
9911
9908
9900
9894
9887
9878
9873
9870
9869
9864
9862
9856
9855
9847
9847
9846
9845
9845
9844
9841
9835
9828
9824
9808
9801
9800
9798
9797
9789
9777
9773
9770
9767
9767
9750
9733
9729
9728
9717
9716
9715
9713
9706
9695
9691
9687
9681
9678
9671
9671
9670
9669
9668
9661
9658
9654
9641
9637
9636
9627
9625
9624
9619
9618
9616
9615
9607
9605
9605
9603
9601
9582
9581
9578
9577
9554
9546
9538
9538
9537
9532
9531
9523
9514
9509
9504
9501
9494
9492
9485
9483
9479
9473
9471
9471
9468
9468
9464
9464
9453
9449
9449
9447
9444
9443
9440
9439
9438
9436
9436
9420
9418
9413
9412
9407
9405
9404
9403
9393
9392
9387
9379
9373
9351
9349
9346
9345
9339
9337
9324
9322
9318
9307
9298
9297
9294
9292
9290
9285
9281
9279
9270
9269
9268
9251
9251
9242
9241
9236
9235
9233
9229
9225
9222
9220
9213
9212
9210
9209
9208
9196
9187
9187
9179
9171
9171
9163
9160
9136
9136
9134
9133
9132
9127
9114
9114
9113
9111
9110
9108
9106
9101
9099
9097
9094
9083
9080
9075
9069
9065
9063
9060
9060
9057
9055
9054
9048
9040
9036
9035
9034
9032
9030
9026
9025
9016
9013
9013
9009
9003
9001
9000
8988
8980
8978
8961
8961
8946
8941
8939
8937
8930
8930
8930
8920
8920
8909
8908
8905
8905
8904
8902
8901
8899
8898
8898
8891
8888
8886
8879
8864
8863
8862
8861
8855
8853
8847
8841
8841
8840
8838
8835
8833
8832
8829
8828
8821
8817
8817
8815
8804
8797
8796
8794
8794
8793
8790
8789
8788
8786
8777
8775
8774
8773
8763
8758
8755
8751
8745
8738
8735
8731
8723
8717
8705
8701
8690
8685
8681
8680
8670
8668
8665
8663
8653
8649
8637
8635
8635
8634
8634
8623
8619
8610
8610
8606
8604
8601
8598
8591
8591
8590
8576
8567
8557
8548
8547
8541
8540
8536
8535
8534
8530
8528
8522
8514
8506
8506
8492
8490
8485
8481
8480
8478
8475
8471
8470
8468
8466
8463
8462
8461
8456
8454
8452
8450
8449
8448
8445
8445
8436
8422
8419
8409
8406
8404
8404
8394
8383
8376
8374
8371
8369
8368
8368
8361
8359
8344
8331
8330
8326
8319
8316
8313
8312
8307
8304
8304
8301
8300
8297
8290
8283
8281
8280
8278
8277
8276
8269
8268
8268
8261
8260
8260
8252
8247
8245
8242
8238
8237
8236
8232
8220
8220
8209
8207
8207
8207
8202
8199
8197
8195
8192
8192
8181
8181
8171
8170
8161
8156
8155
8152
8150
8142
8138
8131
8122
8118
8112
8108
8103
8089
8086
8079
8077
8074
8073
8071
8070
8070
8067
8056
8053
8052
8051
8050
8048
8047
8044
8044
8031
8027
8020
8012
8011
8008
8008
8008
8007
8002
7993
7982
7982
7975
7974
7974
7974
7961
7957
7953
7942
7942
7941
7937
7936
7935
7935
7931
7931
7930
7930
7930
7923
7919
7908
7907
7906
7895
7895
7891
7882
7876
7876
7873
7871
7868
7865
7862
7861
7856
7855
7844
7839
7839
7831
7830
7822
7818
7816
7815
7810
7809
7799
7793
7790
7776
7771
7766
7763
7760
7758
7733
7726
7712
7710
7702
7702
7698
7693
7690
7687
7686
7678
7667
7664
7660
7660
7657
7655
7649
7637
7637
7631
7613
7612
7608
7606
7604
7602
7591
7573
7565
7562
7557
7554
7548
7547
7539
7533
7528
7522
7516
7508
7508
7505
7496
7494
7490
7476
7476
7473
7471
7470
7461
7459
7455
7449
7445
7440
7434
7433
7431
7429
7429
7427
7426
7415
7411
7390
7385
7378
7376
7374
7373
7370
7368
7359
7356
7356
7347
7337
7336
7325
7315
7311
7306
7303
7299
7297
7293
7289
7285
7281
7280
7277
7275
7257
7249
7246
7237
7236
7233
7231
7226
7226
7223
7221
7217
7213
7213
7204
7185
7185
7175
7171
7168
7156
7154
7153
7152
7139
7134
7129
7110
7109
7106
7102
7101
7087
7087
7062
7058
7054
7050
7046
7044
7030
7022
7010
7009
6999
6982
6981
6979
6978
6976
6972
6969
6966
6965
6963
6962
6955
6954
6952
6950
6945
6938
6937
6937
6937
6934
6926
6920
6919
6918
6906
6901
6889
6889
6888
6885
6881
6874
6874
6865
6864
6856
6854
6848
6844
6838
6834
6834
6834
6830
6827
6815
6810
6796
6793
6792
6790
6788
6783
6781
6781
6768
6766
6765
6765
6760
6751
6744
6738
6737
6736
6723
6723
6715
6705
6704
6701
6681
6670
6655
6638
6636
6633
6630
6629
6616
6607
6605
6599
6590
6584
6584
6578
6570
6568
6563
6552
6550
6546
6543
6535
6530
6529
6526
6526
6525
6523
6522
6511
6510
6505
6491
6491
6488
6488
6484
6483
6483
6477
6473
6467
6461
6458
6456
6455
6442
6428
6427
6424
6415
6411
6405
6405
6399
6377
6375
6365
6365
6363
6359
6359
6348
6343
6326
6323
6323
6306
6306
6305
6298
6293
6290
6282
6280
6273
6269
6261
6254
6253
6253
6250
6247
6241
6235
6233
6233
6227
6213
6205
6205
6204
6203
6201
6201
6199
6197
6196
6193
6191
6189
6186
6186
6183
6180
6180
6176
6173
6171
6171
6164
6156
6155
6145
6138
6136
6135
6132
6131
6126
6123
6119
6119
6114
6101
6100
6099
6096
6096
6092
6088
6069
6063
6061
6057
6044
6042
6042
6034
6032
6014
6014
6010
6005
6001
5999
5992
5988
5985
5985
5981
5978
5972
5970
5965
5962
5961
5951
5937
5919
5895
5893
5888
5883
5883
5865
5863
5858
5856
5856
5854
5845
5844
5839
5837
5831
5827
5823
5815
5812
5804
5800
5798
5795
5794
5788
5786
5781
5770
5769
5767
5758
5757
5753
5733
5730
5707
5699
5699
5686
5676
5673
5662
5661
5658
5645
5643
5631
5627
5620
5618
5617
5615
5610
5610
5608
5598
5587
5583
5583
5578
5577
5573
5572
5565
5557
5543
5537
5535
5530
5527
5527
5517
5513
5491
5481
5464
5461
5455
5450
5450
5448
5447
5445
5439
5431
5428
5423
5420
5417
5416
5415
5412
5411
5411
5408
5387
5379
5373
5372
5364
5363
5362
5355
5344
5341
5337
5329
5322
5319
5319
5314
5310
5309
5308
5307
5306
5306
5305
5304
5302
5294
5290
5277
5275
5269
5267
5264
5260
5257
5252
5252
5250
5249
5245
5232
5231
5222
5214
5212
5210
5207
5203
5203
5197
5195
5193
5192
5185
5177
5170
5168
5161
5154
5153
5151
5150
5147
5139
5139
5138
5123
5121
5117
5114
5111
5105
5096
5095
5076
5057
5050
5049
5047
5045
5025
5024
5012
5011
5003
4998
4993
4988
4982
4981
4981
4979
4975
4970
4969
4947
4945
4935
4931
4927
4925
4919
4919
4919
4915
4912
4912
4911
4906
4902
4901
4896
4895
4894
4879
4877
4876
4876
4865
4864
4861
4850
4840
4827
4827
4826
4821
4819
4818
4814
4813
4812
4808
4800
4798
4797
4796
4786
4776
4775
4774
4773
4758
4752
4750
4749
4742
4735
4732
4727
4726
4697
4697
4695
4692
4687
4686
4686
4677
4674
4668
4666
4665
4655
4651
4651
4650
4636
4634
4632
4627
4626
4623
4617
4614
4606
4605
4603
4594
4593
4591
4583
4580
4580
4573
4567
4565
4563
4563
4562
4560
4551
4542
4539
4539
4531
4530
4529
4524
4522
4520
4516
4499
4490
4489
4482
4472
4468
4468
4465
4462
4462
4449
4447
4445
4440
4439
4438
4428
4425
4422
4420
4417
4415
4411
4410
4410
4389
4386
4375
4372
4370
4367
4365
4364
4358
4350
4348
4337
4334
4321
4317
4316
4310
4308
4304
4298
4297
4297
4292
4292
4289
4285
4282
4268
4268
4264
4257
4254
4253
4249
4244
4236
4226
4225
4221
4217
4215
4214
4210
4207
4206
4205
4199
4198
4188
4188
4187
4186
4181
4180
4179
4179
4175
4169
4166
4165
4156
4151
4147
4139
4137
4136
4128
4124
4123
4121
4120
4113
4113
4112
4108
4095
4094
4091
4089
4088
4079
4072
4070
4070
4069
4058
4050
4041
4037
4032
4028
4027
4026
4025
4024
4021
4014
4013
4011
4007
4004
4003
4000
3996
3979
3976
3972
3971
3963
3962
3960
3960
3959
3952
3948
3933
3920
3916
3914
3914
3904
3900
3885
3873
3868
3861
3854
3850
3842
3835
3834
3833
3831
3816
3810
3805
3802
3802
3796
3788
3784
3784
3778
3769
3769
3764
3761
3752
3745
3743
3743
3735
3734
3730
3728
3707
3698
3698
3687
3682
3681
3680
3679
3679
3678
3672
3669
3663
3661
3659
3657
3653
3646
3641
3637
3631
3611
3610
3602
3601
3600
3597
3595
3591
3591
3588
3587
3580
3572
3570
3569
3566
3560
3551
3541
3536
3534
3534
3533
3527
3521
3520
3518
3513
3511
3510
3509
3505
3501
3491
3485
3485
3480
3476
3472
3470
3454
3454
3453
3452
3441
3436
3436
3435
3433
3426
3421
3417
3415
3414
3410
3407
3405
3405
3403
3401
3392
3390
3389
3379
3376
3371
3366
3350
3349
3348
3346
3333
3331
3326
3326
3323
3317
3306
3305
3293
3290
3289
3285
3280
3274
3268
3264
3257
3253
3253
3249
3249
3238
3225
3217
3213
3211
3203
3198
3196
3191
3189
3178
3172
3165
3165
3161
3160
3158
3156
3152
3150
3148
3148
3148
3142
3142
3141
3137
3131
3126
3122
3113
3111
3107
3104
3087
3086
3086
3071
3065
3062
3058
3050
3042
3040
3040
3040
3039
3030
3027
3024
3018
3015
3007
3006
3004
2986
2979
2975
2970
2968
2966
2965
2959
2948
2948
2947
2938
2931
2929
2929
2923
2921
2920
2919
2916
2911
2905
2902
2900
2893
2890
2887
2886
2867
2864
2858
2846
2838
2838
2836
2822
2813
2809
2806
2804
2803
2797
2795
2790
2790
2783
2775
2773
2771
2765
2764
2764
2763
2763
2752
2744
2743
2743
2736
2735
2733
2731
2721
2721
2716
2716
2716
2713
2712
2709
2704
2702
2701
2697
2697
2692
2684
2680
2678
2676
2673
2671
2668
2667
2664
2663
2659
2656
2652
2649
2648
2648
2648
2644
2642
2641
2633
2629
2625
2624
2617
2616
2616
2607
2606
2605
2600
2599
2594
2589
2587
2585
2582
2580
2571
2570
2565
2564
2563
2560
2556
2556
2554
2551
2550
2548
2545
2543
2540
2540
2535
2535
2531
2529
2528
2527
2525
2521
2513
2506
2503
2502
2500
2498
2494
2494
2490
2489
2489
2488
2481
2466
2455
2450
2450
2445
2431
2427
2427
2423
2422
2416
2416
2412
2410
2409
2408
2406
2405
2402
2398
2398
2383
2382
2381
2381
2379
2378
2378
2377
2377
2374
2371
2371
2367
2366
2364
2364
2364
2362
2361
2360
2358
2358
2355
2344
2340
2339
2338
2338
2337
2336
2335
2334
2333
2327
2319
2317
2310
2309
2307
2306
2299
2288
2286
2279
2277
2272
2271
2270
2267
2265
2263
2262
2262
2260
2259
2258
2257
2254
2242
2239
2235
2235
2234
2233
2231
2229
2223
2222
2218
2217
2216
2215
2207
2205
2200
2199
2197
2193
2189
2188
2187
2185
2181
2179
2179
2176
2174
2172
2172
2168
2165
2165
2163
2159
2137
2134
2134
2132
2124
2122
2118
2110
2110
2106
2092
2091
2086
2086
2085
2084
2078
2076
2070
2070
2065
2061
2061
2057
2057
2055
2052
2042
2041
2039
2036
2033
2031
2030
2016
2015
2012
2008
2008
2004
2001
2001
1995
1986
1985
1979
1976
1974
1966
1965
1965
1961
1958
1958
1955
1951
1948
1947
1946
1944
1937
1936
1926
1920
1918
1918
1917
1914
1914
1909
1909
1908
1908
1904
1901
1900
1900
1891
1890
1889
1879
1874
1872
1868
1868
1866
1863
1857
1855
1855
1852
1851
1848
1848
1846
1840
1840
1833
1831
1827
1825
1822
1817
1816
1814
1812
1811
1805
1804
1804
1801
1797
1794
1789
1787
1782
1781
1779
1778
1777
1775
1773
1772
1769
1768
1765
1759
1754
1744
1742
1741
1740
1740
1739
1729
1719
1716
1715
1714
1709
1708
1702
1700
1697
1696
1694
1688
1687
1685
1681
1679
1678
1678
1675
1674
1663
1661
1661
1655
1651
1648
1646
1645
1638
1635
1635
1632
1632
1630
1629
1610
1610
1603
1591
1589
1587
1586
1586
1574
1571
1563
1560
1547
1545
1544
1537
1535
1521
1520
1514
1511
1505
1505
1504
1502
1498
1495
1489
1489
1487
1485
1483
1483
1479
1479
1479
1477
1475
1474
1470
1459
1449
1447
1447
1447
1445
1436
1433
1429
1425
1425
1425
1424
1418
1409
1408
1406
1404
1401
1400
1400
1397
1395
1394
1389
1385
1382
1379
1379
1374
1373
1368
1364
1356
1354
1340
1337
1337
1335
1333
1330
1329
1329
1328
1321
1318
1317
1315
1314
1305
1304
1295
1289
1289
1285
1284
1282
1281
1275
1275
1273
1272
1271
1271
1270
1268
1265
1261
1257
1255
1246
1246
1241
1240
1239
1234
1230
1226
1225
1213
1210
1208
1207
1207
1205
1203
1201
1200
1196
1194
1194
1188
1188
1185
1183
1175
1173
1173
1172
1171
1167
1165
1161
1156
1152
1138
1137
1133
1121
1120
1117
1116
1116
1111
1109
1092
1089
1087
1086
1082
1081
1077
1074
1071
1071
1069
1069
1069
1066
1062
1060
1052
1051
1051
1051
1049
1047
1043
1034
1030
1029
1027
1023
1019
1012
998
996
996
993
992
988
979
971
968
963
963
963
962
955
955
953
951
950
947
941
940
936
935
935
935
934
931
929
929
928
914
913
911
900
897
895
893
892
886
883
881
878
877
877
872
869
867
862
861
855
852
849
847
838
838
836
834
832
828
827
824
821
815
809
807
799
799
799
799
794
791
789
789
788
788
788
787
786
783
773
771
759
758
757
755
747
744
743
738
737
732
721
721
719
717
713
710
703
703
701
697
695
694
694
694
690
690
684
684
684
676
673
665
658
657
654
653
652
645
645
641
635
632
632
630
628
624
622
621
618
612
602
599
594
588
578
577
573
570
569
567
563
556
554
554
539
538
537
536
536
530
527
524
522
521
521
510
506
495
489
488
487
483
482
481
481
478
477
472
470
465
462
458
456
455
453
442
436
435
432
432
432
431
430
425
417
414
410
406
406
404
401
401
398
397
393
392
387
387
385
385
380
377
374
373
367
363
362
355
355
355
352
351
350
350
348
340
339
337
334
332
330
330
329
322
321
320
320
316
315
313
311
308
308
305
298
294
288
288
287
284
282
279
277
274
273
270
268
267
254
254
249
248
243
240
240
238
220
220
219
218
213
206
203
201
196
196
195
190
187
182
180
171
169
168
168
158
152
152
145
143
136
133
133
126
112
109
107
107
106
105
101
100
98
93
92
88
85
83
80
77
75
75
73
73
62
58
55
55
52
51
51
47
47
44
39
35
33
28
25
23
22
13
10
7
