9996
9992
9979
9977
9965
9959
9957
9956
9955
9951
9951
9948
9942
9935
9925
9921
9914
9914
9903
9899
9895
9875
9861
9853
9843
9838
9834
9817
9808
9807
9805
9805
9804
9803
9797
9792
9780
9776
9769
9751
9751
9747
9716
9711
9707
9705
9701
9699
9698
9697
9694
9693
9686
9681
9674
9665
9655
9653
9639
9623
9612
9611
9596
9595
9591
9580
9579
9568
9567
9565
9555
9549
9545
9545
9531
9521
9520
9518
9508
9471
9468
9461
9458
9454
9450
9449
9443
9430
9426
9421
9413
9411
9408
9407
9404
9400
9399
9397
9389
9388
9384
9380
9372
9365
9364
9356
9353
9350
9341
9341
9331
9330
9325
9312
9307
9306
9300
9293
9292
9256
9248
9245
9238
9237
9233
9227
9206
9202
9196
9194
9180
9176
9166
9159
9157
9142
9126
9125
9125
9123
9117
9117
9113
9111
9109
9108
9104
9099
9094
9091
9086
9082
9064
9062
9061
9061
9051
9035
9035
9028
9020
9019
9019
9018
9015
9008
9003
9001
8990
8986
8974
8966
8959
8952
8952
8948
8947
8947
8937
8933
8927
8922
8922
8920
8915
8912
8910
8908
8907
8905
8905
8904
8900
8892
8888
8886
8859
8858
8846
8842
8832
8831
8829
8825
8823
8812
8798
8796
8791
8783
8781
8781
8779
8779
8778
8773
8772
8769
8766
8765
8764
8763
8760
8757
8756
8754
8746
8741
8732
8707
8701
8691
8683
8681
8677
8676
8667
8662
8661
8656
8656
8651
8650
8646
8644
8643
8636
8633
8627
8611
8602
8602
8601
8594
8593
8592
8592
8585
8583
8581
8578
8568
8557
8548
8526
8526
8518
8513
8505
8505
8490
8476
8472
8469
8461
8460
8457
8451
8448
8443
8439
8435
8433
8432
8425
8419
8404
8399
8397
8395
8377
8364
8356
8343
8340
8335
8332
8330
8329
8328
8324
8320
8320
8313
8312
8305
8304
8304
8303
8295
8291
8281
8278
8276
8271
8266
8266
8264
8260
8253
8251
8244
8221
8216
8214
8205
8198
8185
8184
8179
8178
8156
8152
8152
8145
8144
8136
8105
8101
8094
8086
8084
8082
8074
8067
8048
8047
8040
8034
8019
8015
8012
8001
7999
7997
7995
7985
7983
7978
7977
7972
7969
7963
7954
7947
7945
7931
7927
7926
7925
7925
7923
7915
7904
7900
7899
7895
7892
7887
7886
7883
7877
7871
7867
7863
7858
7832
7826
7822
7822
7814
7809
7807
7800
7782
7775
7773
7770
7770
7751
7747
7744
7736
7729
7725
7717
7715
7701
7697
7693
7689
7687
7687
7686
7675
7672
7668
7668
7660
7654
7641
7641
7629
7625
7625
7621
7620
7618
7617
7604
7600
7594
7590
7583
7583
7573
7571
7564
7555
7554
7552
7549
7548
7547
7546
7543
7525
7515
7513
7511
7509
7509
7501
7494
7492
7490
7475
7469
7466
7463
7461
7458
7447
7446
7436
7430
7430
7430
7416
7412
7402
7398
7391
7389
7387
7382
7377
7374
7373
7372
7371
7370
7356
7355
7350
7347
7345
7334
7332
7329
7321
7298
7296
7265
7254
7240
7232
7224
7219
7211
7208
7204
7197
7191
7190
7173
7172
7171
7150
7150
7147
7138
7132
7129
7128
7119
7115
7108
7105
7099
7094
7094
7082
7080
7072
7071
7069
7059
7057
7046
7036
7035
7020
7018
7018
7009
6973
6966
6950
6944
6939
6939
6913
6913
6911
6910
6910
6902
6902
6901
6889
6885
6875
6852
6843
6835
6827
6825
6805
6802
6793
6788
6786
6785
6781
6777
6777
6774
6771
6768
6759
6753
6735
6729
6714
6710
6697
6682
6677
6654
6638
6638
6635
6631
6630
6628
6623
6621
6614
6603
6602
6602
6601
6596
6593
6578
6573
6570
6566
6557
6557
6556
6552
6547
6541
6528
6527
6523
6517
6515
6515
6506
6503
6499
6497
6487
6486
6463
6455
6445
6436
6431
6424
6422
6414
6413
6410
6406
6402
6402
6400
6392
6392
6390
6389
6382
6380
6380
6370
6362
6358
6357
6354
6353
6345
6338
6333
6328
6325
6321
6309
6306
6305
6299
6298
6297
6288
6288
6284
6273
6272
6266
6253
6246
6242
6240
6240
6238
6233
6233
6227
6222
6218
6214
6203
6200
6194
6189
6187
6185
6182
6182
6180
6172
6169
6169
6166
6164
6155
6152
6148
6147
6145
6140
6134
6123
6122
6114
6114
6113
6104
6095
6093
6090
6077
6072
6061
6058
6043
6029
6024
6021
6019
6016
6011
6007
6004
6002
6000
6000
6000
5996
5987
5983
5978
5976
5973
5963
5956
5953
5939
5934
5928
5924
5924
5922
5922
5913
5912
5904
5904
5903
5903
5901
5900
5895
5891
5880
5878
5868
5867
5863
5861
5860
5858
5852
5846
5832
5827
5823
5812
5809
5807
5806
5803
5801
5798
5785
5780
5779
5761
5759
5756
5754
5754
5751
5747
5742
5740
5736
5733
5724
5717
5702
5702
5695
5690
5689
5686
5678
5673
5672
5671
5667
5662
5659
5648
5647
5640
5630
5627
5621
5619
5615
5614
5601
5599
5589
5583
5568
5565
5560
5549
5547
5543
5538
5534
5533
5531
5530
5527
5523
5519
5516
5510
5509
5509
5493
5490
5488
5483
5470
5466
5460
5438
5437
5431
5425
5409
5407
5402
5398
5388
5377
5377
5364
5358
5353
5353
5349
5345
5343
5339
5337
5326
5318
5317
5314
5314
5314
5301
5299
5286
5286
5281
5252
5250
5249
5247
5235
5225
5224
5224
5220
5219
5212
5208
5205
5196
5185
5185
5177
5175
5166
5156
5156
5149
5145
5141
5139
5123
5121
5119
5114
5113
5095
5077
5068
5067
5066
5051
5047
5045
5042
5028
5026
5020
5017
5014
5003
5003
5000
4992
4991
4981
4979
4974
4974
4960
4953
4950
4942
4937
4932
4922
4912
4903
4902
4892
4883
4879
4874
4873
4865
4859
4856
4853
4844
4837
4834
4828
4826
4821
4817
4816
4804
4801
4791
4789
4785
4756
4753
4752
4744
4737
4736
4716
4707
4706
4702
4695
4691
4688
4686
4685
4673
4664
4655
4653
4649
4641
4640
4636
4634
4628
4621
4605
4602
4600
4599
4589
4580
4578
4573
4573
4571
4566
4549
4548
4534
4530
4521
4508
4488
4486
4485
4484
4475
4458
4440
4436
4431
4419
4411
4409
4397
4394
4392
4391
4376
4366
4363
4349
4347
4344
4341
4340
4339
4335
4326
4323
4318
4317
4309
4305
4295
4286
4281
4277
4272
4262
4262
4255
4246
4244
4243
4229
4222
4210
4210
4204
4200
4177
4166
4161
4157
4149
4148
4147
4144
4140
4129
4123
4113
4113
4112
4108
4101
4098
4097
4097
4095
4095
4087
4085
4082
4078
4072
4065
4059
4048
4043
4042
4041
4033
4031
4031
4027
4026
4025
4014
4010
4003
3999
3999
3989
3984
3982
3975
3973
3970
3958
3950
3945
3933
3929
3926
3924
3922
3920
3916
3914
3911
3902
3901
3899
3895
3891
3884
3884
3876
3867
3864
3851
3849
3844
3844
3834
3833
3817
3816
3808
3798
3792
3787
3780
3768
3762
3757
3742
3739
3735
3728
3723
3718
3713
3704
3700
3700
3695
3687
3680
3675
3653
3640
3634
3631
3631
3631
3622
3617
3613
3611
3611
3610
3604
3598
3597
3588
3587
3587
3586
3582
3571
3555
3553
3544
3535
3533
3531
3519
3512
3509
3507
3504
3496
3492
3478
3477
3475
3475
3473
3471
3452
3450
3433
3431
3429
3425
3420
3414
3413
3408
3407
3404
3398
3395
3392
3390
3385
3378
3375
3375
3371
3369
3362
3362
3362
3360
3359
3349
3343
3342
3331
3329
3297
3286
3272
3271
3270
3270
3267
3263
3251
3251
3242
3237
3236
3231
3213
3212
3212
3209
3207
3194
3193
3188
3186
3185
3185
3175
3171
3164
3160
3155
3154
3130
3119
3116
3116
3113
3107
3094
3077
3074
3072
3065
3064
3062
3044
3043
3040
3030
3027
3024
3022
3021
3015
3011
3009
3006
3003
3000
2991
2991
2987
2986
2985
2982
2980
2979
2964
2962
2948
2935
2927
2925
2922
2912
2910
2898
2879
2879
2869
2867
2866
2861
2858
2858
2856
2852
2848
2848
2844
2839
2836
2836
2835
2829
2815
2807
2805
2796
2794
2790
2785
2784
2778
2778
2775
2771
2770
2765
2765
2763
2758
2754
2752
2749
2742
2741
2740
2730
2721
2703
2702
2698
2695
2690
2684
2681
2681
2675
2674
2670
2664
2664
2664
2662
2660
2648
2643
2642
2641
2640
2638
2637
2634
2633
2628
2628
2625
2622
2619
2615
2607
2606
2605
2605
2601
2599
2597
2596
2596
2594
2590
2589
2589
2581
2577
2572
2552
2549
2548
2546
2541
2541
2539
2537
2532
2530
2529
2522
2519
2516
2515
2513
2508
2507
2506
2503
2496
2485
2484
2478
2477
2469
2458
2454
2452
2444
2442
2441
2439
2435
2421
2421
2416
2413
2412
2406
2398
2397
2383
2382
2376
2373
2371
2365
2362
2355
2354
2351
2350
2349
2348
2346
2341
2341
2336
2334
2328
2323
2318
2316
2315
2309
2309
2307
2307
2298
2296
2292
2291
2288
2287
2283
2279
2275
2273
2270
2268
2268
2267
2264
2263
2261
2256
2251
2242
2241
2234
2229
2229
2228
2226
2225
2223
2221
2219
2216
2213
2204
2198
2197
2197
2197
2187
2179
2165
2160
2147
2146
2143
2140
2140
2133
2131
2131
2124
2115
2102
2100
2099
2089
2085
2080
2080
2079
2067
2059
2052
2051
2039
2032
2026
2021
2014
2012
2009
2009
2003
2000
1991
1990
1987
1983
1968
1954
1953
1945
1943
1931
1931
1926
1926
1918
1918
1917
1907
1903
1892
1890
1883
1876
1870
1869
1854
1851
1847
1845
1837
1833
1831
1828
1825
1818
1816
1815
1811
1811
1811
1798
1791
1788
1787
1786
1779
1779
1776
1771
1766
1765
1764
1761
1757
1754
1751
1750
1744
1743
1737
1734
1720
1720
1714
1711
1707
1702
1693
1692
1682
1678
1665
1664
1661
1659
1650
1644
1622
1618
1610
1609
1595
1595
1574
1569
1567
1566
1562
1556
1546
1546
1546
1542
1537
1534
1524
1523
1520
1520
1501
1494
1493
1490
1488
1484
1483
1481
1472
1470
1467
1464
1463
1462
1459
1457
1435
1426
1424
1418
1417
1415
1413
1411
1411
1406
1403
1399
1393
1392
1391
1386
1376
1369
1368
1365
1359
1359
1351
1351
1349
1348
1347
1346
1346
1344
1343
1342
1340
1340
1337
1332
1326
1323
1319
1317
1313
1308
1302
1299
1298
1294
1287
1287
1284
1282
1279
1278
1259
1258
1257
1241
1239
1239
1219
1217
1217
1217
1216
1215
1209
1208
1203
1202
1200
1197
1196
1192
1191
1191
1188
1174
1173
1157
1154
1152
1147
1146
1145
1143
1141
1141
1140
1139
1138
1136
1130
1130
1125
1118
1108
1108
1107
1106
1097
1096
1091
1079
1075
1073
1057
1056
1055
1055
1055
1046
1046
1046
1036
1035
1031
1026
1026
1025
1024
1024
1022
1020
1015
1000
999
998
979
966
948
943
941
940
936
936
934
931
926
924
921
913
904
901
898
898
891
890
889
889
886
884
879
879
869
868
867
865
864
862
862
861
858
852
836
833
833
829
824
821
819
819
817
814
813
812
811
807
806
805
805
801
801
782
782
780
777
775
765
759
755
755
753
753
748
740
735
734
730
724
724
718
714
708
699
698
693
682
677
670
666
662
661
661
655
653
648
646
644
643
640
630
627
623
621
616
616
615
601
586
585
576
576
570
567
566
563
563
552
552
552
548
536
533
533
530
525
521
498
498
497
489
488
487
473
472
471
467
461
460
454
453
450
445
443
436
435
424
422
419
410
409
405
405
404
399
387
382
374
373
370
369
368
365
363
353
343
343
340
334
332
329
319
310
304
299
289
288
286
280
272
269
267
264
264
254
250
244
242
238
235
229
229
227
220
218
207
206
206
196
193
192
190
189
180
172
168
168
165
162
161
160
155
147
143
141
138
137
132
112
111
110
108
99
97
97
90
88
88
82
79
76
74
70
67
55
54
50
44
34
33
19
17
10
7
