2
12
26
28
53
54
60
80
80
87
88
92
97
100
107
111
112
119
128
129
132
136
147
151
153
168
171
182
197
203
206
215
221
230
234
242
249
272
274
275
277
282
287
294
308
319
322
329
329
330
337
343
362
362
364
376
386
390
395
396
397
405
413
423
426
430
441
444
455
459
460
462
476
484
488
491
511
520
525
539
540
541
544
563
566
567
578
591
594
608
609
613
633
634
644
654
657
662
665
673
674
676
677
678
682
690
691
694
705
705
710
710
711
713
746
749
755
774
784
785
785
787
788
789
789
798
815
816
830
837
838
842
851
853
867
868
869
870
878
882
886
893
904
913
913
913
914
918
918
924
926
935
946
951
953
960
962
978
985
994
1004
1005
1005
1007
1009
1034
1051
1052
1054
1056
1057
1064
1064
1084
1098
1103
1108
1112
1135
1144
1148
1154
1157
1161
1161
1188
1192
1194
1205
1208
1212
1219
1221
1229
1230
1233
1234
1239
1243
1246
1253
1267
1277
1280
1287
1290
1302
1302
1306
1310
1320
1333
1333
1338
1340
1345
1349
1351
1354
1355
1357
1368
1370
1373
1382
1389
1390
1400
1404
1405
1412
1414
1416
1428
1428
1433
1441
1442
1453
1459
1469
1472
1479
1504
1504
1510
1517
1522
1526
1531
1537
1540
1543
1557
1557
1569
1575
1581
1587
1591
1609
1611
1635
1645
1649
1653
1655
1662
1664
1671
1671
1683
1696
1731
1732
1743
1744
1753
1765
1768
1769
1776
1781
1789
1796
1801
1809
1810
1814
1816
1820
1831
1834
1850
1861
1862
1864
1866
1869
1873
1878
1879
1881
1912
1915
1921
1922
1922
1926
1944
1951
1953
1957
1961
1964
1969
1984
1988
1988
1993
1994
1995
1998
2011
2015
2026
2030
2037
2039
2040
2046
2050
2052
2074
2092
2094
2121
2121
2123
2131
2142
2147
2150
2158
2166
2171
2173
2179
2188
2203
2230
2231
2233
2253
2291
2293
2293
2298
2298
2306
2311
2316
2329
2332
2333
2333
2340
2347
2372
2385
2389
2395
2403
2405
2408
2417
2433
2435
2439
2440
2454
2472
2472
2478
2484
2494
2501
2502
2503
2507
2513
2520
2521
2526
2526
2541
2545
2562
2562
2569
2580
2587
2588
2591
2604
2627
2635
2650
2652
2670
2674
2683
2689
2700
2706
2707
2716
2728
2731
2731
2733
2737
2761
2771
2787
2798
2799
2803
2806
2807
2812
2823
2824
2825
2833
2846
2869
2878
2884
2890
2893
2893
2911
2912
2913
2916
2941
2944
2944
2946
2960
2966
2980
3003
3019
3025
3027
3034
3041
3067
3070
3071
3073
3077
3086
3086
3094
3107
3110
3110
3123
3131
3138
3148
3165
3166
3167
3180
3185
3186
3190
3205
3218
3222
3239
3240
3256
3261
3261
3268
3310
3321
3324
3328
3345
3350
3355
3376
3377
3377
3396
3421
3421
3430
3430
3454
3461
3463
3464
3466
3471
3475
3476
3478
3479
3489
3495
3499
3511
3511
3512
3533
3534
3539
3547
3566
3585
3593
3594
3608
3619
3620
3621
3622
3626
3635
3639
3643
3644
3648
3661
3675
3693
3708
3708
3709
3711
3721
3723
3746
3747
3754
3765
3768
3770
3772
3774
3775
3776
3779
3794
3801
3810
3811
3813
3814
3816
3835
3850
3853
3853
3860
3867
3867
3870
3874
3894
3898
3899
3900
3902
3910
3916
3920
3922
3942
3947
3948
3953
3954
3955
3958
3964
3966
3975
3983
3988
3990
4005
4025
4032
4033
4040
4048
4053
4055
4069
4080
4091
4092
4093
4105
4110
4114
4114
4125
4131
4142
4147
4147
4148
4151
4161
4162
4163
4176
4182
4190
4196
4212
4214
4229
4242
4247
4248
4250
4254
4254
4258
4265
4285
4308
4313
4323
4323
4327
4329
4330
4330
4333
4344
4351
4352
4353
4354
4363
4369
4372
4374
4390
4409
4413
4413
4438
4447
4450
4453
4460
4494
4496
4497
4501
4502
4527
4535
4544
4545
4547
4549
4560
4562
4563
4568
4569
4574
4586
4592
4600
4601
4603
4605
4606
4606
4608
4628
4631
4632
4636
4640
4645
4654
4668
4682
4690
4693
4705
4707
4714
4722
4722
4736
4737
4743
4749
4754
4795
4799
4807
4813
4823
4830
4832
4833
4835
4840
4840
4841
4866
4869
4877
4879
4885
4895
4896
4906
4910
4921
4923
4931
4941
4957
4958
4967
4972
4982
4985
4995
4997
4997
5012
5013
5015
5020
5037
5045
5048
5057
5067
5072
5099
5105
5106
5109
5120
5122
5124
5128
5130
5135
5136
5144
5146
5155
5158
5170
5170
5177
5178
5181
5181
5204
5206
5210
5222
5235
5241
5242
5243
5249
5254
5254
5255
5255
5261
5276
5282
5285
5288
5288
5293
5311
5319
5319
5331
5331
5332
5339
5341
5344
5350
5351
5352
5366
5372
5387
5388
5388
5392
5398
5403
5404
5411
5414
5416
5416
5427
5428
5431
5436
5438
5439
5445
5455
5456
5459
5472
5476
5487
5493
5506
5522
5523
5526
5526
5535
5538
5543
5558
5562
5562
5563
5570
5583
5586
5586
5604
5604
5628
5633
5644
5645
5646
5662
5663
5676
5677
5695
5729
5736
5738
5746
5748
5759
5761
5763
5776
5776
5790
5791
5802
5810
5814
5821
5831
5835
5848
5857
5858
5860
5860
5868
5873
5887
5891
5899
5903
5909
5913
5914
5920
5921
5921
5933
5943
5947
5955
5959
5960
5991
5993
6003
6011
6011
6020
6025
6027
6027
6034
6038
6040
6041
6055
6063
6071
6072
6080
6086
6086
6100
6105
6111
6113
6120
6124
6130
6131
6133
6135
6136
6157
6161
6171
6177
6190
6192
6202
6203
6204
6204
6215
6222
6223
6226
6234
6236
6241
6242
6244
6245
6253
6265
6275
6277
6287
6289
6303
6310
6310
6314
6317
6320
6328
6328
6334
6338
6345
6351
6351
6359
6363
6370
6374
6383
6394
6396
6415
6419
6423
6426
6438
6439
6441
6442
6448
6450
6455
6464
6466
6476
6483
6493
6498
6499
6500
6508
6509
6509
6512
6517
6525
6534
6542
6544
6545
6552
6559
6559
6560
6564
6582
6583
6602
6607
6613
6624
6633
6633
6657
6666
6677
6679
6683
6694
6697
6699
6701
6705
6709
6711
6719
6726
6732
6736
6736
6740
6741
6753
6761
6777
6791
6792
6794
6794
6802
6811
6820
6820
6822
6826
6846
6868
6871
6879
6893
6906
6929
6932
6935
6939
6961
6963
6967
6971
6980
6980
6982
6985
6996
7001
7002
7008
7016
7025
7027
7034
7042
7050
7051
7054
7060
7062
7065
7080
7083
7092
7100
7103
7119
7127
7131
7142
7144
7151
7161
7166
7176
7179
7182
7185
7185
7188
7192
7194
7195
7207
7215
7252
7260
7278
7290
7290
7290
7292
7299
7302
7310
7313
7335
7355
7359
7362
7367
7367
7370
7370
7375
7385
7399
7408
7409
7411
7415
7415
7420
7429
7439
7442
7451
7451
7469
7469
7469
7472
7484
7486
7489
7489
7490
7491
7497
7498
7498
7508
7511
7515
7518
7528
7539
7543
7546
7560
7570
7597
7602
7603
7603
7613
7644
7654
7680
7682
7682
7687
7692
7704
7706
7708
7734
7734
7738
7740
7741
7750
7751
7755
7757
7769
7773
7778
7783
7802
7809
7818
7819
7821
7847
7856
7867
7870
7878
7880
7901
7905
7909
7915
7916
7922
7931
7940
7955
7964
7974
7976
7979
7988
7991
8001
8007
8016
8017
8035
8047
8048
8051
8062
8068
8071
8079
8092
8093
8095
8121
8122
8170
8172
8181
8182
8186
8208
8219
8235
8241
8255
8265
8268
8281
8282
8287
8293
8295
8307
8312
8323
8326
8333
8335
8342
8353
8358
8363
8364
8371
8380
8393
8397
8399
8411
8412
8422
8430
8432
8438
8440
8450
8460
8479
8481
8482
8494
8495
8501
8511
8518
8526
8532
8533
8534
8541
8547
8558
8564
8568
8573
8579
8588
8591
8618
8624
8644
8654
8655
8694
8701
8705
8707
8708
8712
8714
8730
8735
8742
8758
8762
8765
8774
8786
8791
8797
8804
8812
8813
8832
8854
8858
8862
8870
8885
8889
8899
8902
8903
8909
8918
8938
8949
8958
8976
8977
8983
8987
8996
9001
9006
9007
9009
9013
9018
9029
9030
9034
9036
9040
9041
9044
9045
9058
9064
9070
9076
9080
9083
9089
9094
9099
9103
9112
9119
9121
9133
9134
9151
9160
9162
9166
9182
9186
9202
9214
9230
9253
9261
9266
9275
9276
9280
9285
9286
9296
9304
9307
9322
9323
9324
9332
9337
9337
9338
9343
9344
9367
9388
9406
9416
9417
9420
9424
9424
9433
9440
9445
9449
9458
9464
9468
9500
9500
9502
9503
9512
9529
9532
9538
9541
9553
9553
9557
9558
9561
9563
9581
9584
9584
9587
9591
9595
9598
9605
9622
9622
9631
9643
9651
9655
9660
9670
9673
9677
9688
9692
9692
9692
9708
9716
9722
9727
9727
9740
9742
9744
9747
9752
9758
9762
9766
9775
9789
9792
9793
9796
9800
9801
9810
9812
9830
9831
9834
9835
9839
9839
9842
9845
9846
9853
9854
9863
9866
9879
9886
9890
9890
9896
9896
9905
9906
9939
9958
9963
9964
9990
9995
9996
10008
10012
10021
10039
10040
10046
10072
10092
10094
10094
10096
10102
10109
10112
10128
10135
10139
10145
10148
10150
10159
10173
10194
10195
10202
10204
10209
10223
10248
10259
10259
10271
10285
10293
10293
10293
10294
10311
10311
10321
10329
10334
10336
10343
10347
10353
10371
10381
10385
10396
10421
10422
10424
10427
10427
10435
10440
10474
10479
10479
10505
10510
10520
10542
10549
10560
10561
10562
10563
10580
10581
10583
10585
10587
10593
10594
10603
10607
10609
10611
10611
10612
10616
10625
10638
10660
10695
10695
10702
10703
10703
10709
10715
10720
10738
10741
10750
10754
10758
10769
10769
10769
10772
10775
10802
10817
10824
10825
10828
10831
10837
10842
10845
10848
10852
10856
10862
10867
10871
10874
10876
10879
10879
10887
10889
10904
10906
10914
10932
10936
10941
10963
10967
10968
10979
10980
10984
10984
10986
10996
11002
11002
11009
11016
11020
11021
11026
11036
11037
11043
11049
11053
11056
11066
11070
11071
11075
11080
11091
11093
11095
11099
11108
11108
11118
11134
11138
11141
11143
11144
11148
11149
11155
11155
11171
11178
11180
11185
11190
11191
11196
11200
11204
11206
11206
11212
11258
11258
11265
11268
11270
11276
11296
11321
11321
11323
11325
11335
11336
11342
11342
11343
11344
11346
11365
11367
11380
11383
11387
11391
11392
11405
11410
11414
11441
11442
11450
11462
11466
11471
11488
11490
11490
11491
11497
11507
11508
11515
11529
11537
11545
11549
11579
11592
11600
11602
11606
11615
11616
11616
11617
11631
11631
11632
11634
11644
11649
11650
11654
11655
11655
11664
11667
11668
11679
11683
11685
11688
11707
11719
11726
11727
11727
11728
11729
11733
11740
11740
11740
11746
11753
11754
11758
11761
11775
11782
11784
11796
11798
11802
11809
11817
11834
11842
11857
11858
11859
11867
11873
11878
11878
11880
11882
11882
11885
11889
11898
11906
11907
11916
11917
11967
11967
11971
11977
11978
11979
11983
11983
11988
11993
11999
12002
12005
12006
12008
12019
12024
12030
12065
12076
12078
12088
12098
12112
12117
12118
12127
12132
12134
12155
12161
12166
12178
12179
12211
12216
12219
12224
12226
12231
12233
12238
12239
12239
12246
12258
12262
12276
12279
12284
12286
12299
12301
12307
12310
12317
12321
12337
12338
12340
12347
12347
12352
12362
12366
12370
12373
12385
12391
12419
12424
12425
12447
12450
12453
12454
12456
12461
12481
12482
12485
12491
12491
12495
12497
12516
12517
12524
12528
12540
12543
12567
12570
12571
12575
12591
12594
12599
12610
12610
12614
12616
12619
12622
12624
12632
12635
12639
12645
12649
12652
12659
12680
12686
12686
12705
12708
12709
12709
12721
12730
12759
12767
12768
12770
12775
12779
12781
12791
12798
12809
12817
12820
12820
12829
12840
12848
12849
12855
12871
12877
12884
12888
12892
12892
12900
12907
12910
12915
12921
12930
12936
12945
12945
12950
12951
12953
12960
12962
12962
12964
12965
12969
12970
12979
12981
12983
12983
12989
13016
13019
13022
13027
13027
13030
13041
13053
13057
13069
13074
13075
13079
13082
13092
13096
13101
13126
13128
13131
13132
13143
13146
13173
13174
13192
13193
13212
13225
13226
13232
13236
13256
13260
13262
13264
13272
13273
13282
13286
13296
13304
13304
13310
13313
13318
13322
13330
13335
13336
13338
13342
13343
13344
13353
13375
13375
13389
13390
13394
13403
13403
13421
13421
13426
13437
13440
13450
13454
13455
13474
13475
13483
13494
13496
13499
13504
13517
13535
13540
13540
13561
13562
13563
13567
13572
13577
13577
13578
13580
13581
13595
13596
13599
13601
13605
13611
13613
13613
13613
13613
13618
13625
13628
13633
13648
13649
13653
13657
13666
13668
13669
13686
13697
13697
13703
13703
13704
13706
13717
13721
13727
13737
13739
13745
13765
13771
13772
13780
13783
13789
13794
13802
13819
13820
13835
13839
13845
13854
13862
13881
13889
13890
13899
13908
13917
13936
13957
13959
13961
13965
13978
13988
13997
14003
14005
14025
14035
14037
14038
14047
14051
14056
14076
14080
14081
14088
14093
14093
14110
14139
14153
14157
14168
14177
14186
14189
14196
14203
14206
14218
14229
14238
14250
14250
14253
14254
14263
14265
14279
14294
14294
14313
14329
14343
14344
14358
14361
14362
14364
14370
14375
14379
14380
14389
14393
14400
14403
14410
14412
14412
14414
14419
14422
14422
14428
14433
14434
14436
14441
14443
14447
14448
14448
14449
14458
14462
14468
14475
14476
14491
14495
14496
14499
14515
14525
14539
14551
14569
14583
14592
14592
14597
14603
14608
14620
14622
14633
14634
14645
14654
14657
14662
14669
14672
14682
14684
14685
14713
14718
14721
14723
14729
14735
14735
14737
14738
14741
14748
14751
14755
14756
14756
14765
14768
14782
14787
14789
14807
14810
14827
14845
14846
14853
14856
14880
14880
14890
14892
14892
14894
14902
14904
14910
14917
14918
14933
14934
14935
14952
14957
14962
14967
14987
15002
15004
15005
15009
15020
15023
15029
15041
15058
15059
15069
15070
15076
15100
15105
15108
15108
15109
15120
15128
15129
15132
15135
15162
15165
15176
15182
15182
15193
15193
15204
15208
15209
15231
15240
15240
15261
15271
15272
15282
15293
15297
15311
15313
15316
15323
15326
15332
15357
15359
15375
15378
15381
15389
15390
15396
15398
15410
15414
15414
15420
15422
15424
15434
15435
15441
15456
15460
15462
15476
15484
15488
15495
15499
15503
15505
15511
15520
15523
15525
15528
15534
15554
15558
15563
15569
15575
15579
15579
15583
15588
15595
15600
15603
15605
15608
15609
15617
15619
15633
15643
15654
15655
15655
15656
15661
15673
15673
15678
15679
15682
15691
15703
15706
15722
15723
15735
15746
15757
15761
15775
15780
15788
15788
15788
15791
15795
15796
15804
15805
15847
15848
15860
15862
15879
15891
15892
15896
15911
15911
15916
15917
15918
15921
15922
15929
15934
15937
15938
15944
15946
15947
15957
15960
15971
15973
15981
15987
15995
15996
16002
16005
16015
16036
16047
16047
16051
16053
16057
16064
16064
16072
16088
16093
16098
16103
16109
16121
16127
16138
16142
16151
16155
16156
16159
16160
16162
16176
16179
16189
16190
16206
16208
16218
16220
16221
16228
16229
16231
16248
16256
16273
16275
16282
16311
16313
16333
16337
16344
16346
16347
16347
16351
16352
16356
16371
16372
16374
16375
16375
16376
16383
16385
16395
16396
16414
16432
16449
16450
16452
16459
16474
16479
16479
16479
16489
16494
16495
16502
16508
16508
16511
16522
16536
16544
16546
16550
16554
16557
16557
16558
16561
16596
16602
16623
16637
16643
16646
16648
16663
16670
16673
16690
16693
16694
16702
16706
16708
16714
16729
16737
16742
16750
16794
16798
16802
16807
16830
16831
16840
16844
16852
16859
16860
16868
16873
16874
16879
16890
16890
16898
16904
16906
16921
16931
16941
16944
16945
16952
16955
16966
16971
16977
16978
16988
16989
16990
16994
17024
17027
17030
17048
17049
17057
17065
17076
17093
17097
17112
17116
17133
17137
17149
17150
17150
17151
17155
17163
17165
17185
17206
17208
17221
17222
17225
17225
17228
17236
17242
17247
17250
17252
17268
17277
17278
17288
17300
17303
17306
17306
17311
17318
17319
17320
17324
17325
17335
17347
17372
17378
17385
17391
17391
17391
17406
17407
17408
17430
17435
17443
17447
17451
17455
17455
17457
17480
17505
17513
17533
17563
17565
17566
17574
17575
17578
17582
17603
17620
17621
17624
17624
17633
17638
17645
17645
17649
17682
17684
17686
17688
17695
17695
17723
17723
17752
17752
17765
17766
17776
17778
17778
17782
17785
17792
17804
17805
17805
17817
17821
17826
17828
17836
17842
17851
17864
17873
17877
17880
17897
17897
17899
17921
17947
17950
17955
17963
17968
17970
17979
17986
17999
17999
18013
18032
18041
18041
18042
18054
18055
18074
18079
18091
18093
18099
18101
18113
18122
18129
18138
18153
18172
18182
18184
18187
18192
18193
18195
18202
18205
18209
18223
18233
18242
18247
18254
18254
18255
18255
18257
18258
18267
18273
18296
18297
18299
18306
18307
18309
18315
18317
18318
18330
18330
18331
18338
18340
18354
18357
18365
18366
18372
18379
18382
18397
18408
18429
18440
18441
18448
18465
18465
18467
18478
18485
18486
18486
18491
18504
18513
18526
18529
18534
18537
18539
18547
18548
18555
18568
18589
18589
18591
18593
18597
18605
18606
18613
18614
18615
18616
18620
18631
18646
18647
18649
18655
18659
18661
18668
18674
18679
18689
18718
18765
18768
18776
18786
18788
18790
18823
18837
18840
18848
18849
18850
18850
18856
18860
18868
18869
18875
18876
18886
18889
18892
18900
18910
18914
18915
18936
18942
18954
18962
18986
19007
19010
19016
19018
19023
19029
19032
19034
19037
19038
19043
19046
19050
19054
19063
19067
19074
19079
19087
19090
19115
19120
19122
19125
19130
19134
19134
19158
19161
19168
19173
19175
19181
19185
19187
19204
19212
19217
19218
19220
19240
19248
19252
19253
19274
19277
19279
19286
19299
19304
19305
19325
19327
19348
19354
19356
19360
19376
19378
19381
19384
19385
19392
19393
19400
19410
19416
19432
19436
19437
19441
19443
19454
19458
19471
19471
19478
19488
19490
19492
19501
19508
19509
19523
19537
19553
19556
19560
19570
19574
19575
19597
19601
19604
19607
19607
19608
19613
19643
19648
19675
19676
19677
19679
19680
19691
19696
19707
19725
19734
19755
19757
19763
19767
19775
19783
19786
19794
19795
19799
19799
19801
19806
19815
19822
19823
19825
19830
19831
19849
19850
19859
19868
19871
19871
19871
19872
19892
19894
19896
19898
19905
19926
19929
19932
19942
19946
19956
19971
19975
19978
19988
19988
19989
20031
20033
20037
20044
20059
20059
20067
20068
20071
20074
20081
20081
20092
20099
20100
20104
20119
20121
20123
20129
20129
20139
20139
20139
20141
20149
20154
20167
20168
20170
20182
20188
20190
20199
20200
20213
20214
20220
20242
20247
20255
20268
20274
20279
20283
20290
20294
20305
20313
20317
20319
20322
20322
20332
20337
20340
20340
20359
20360
20366
20367
20371
20387
20398
20400
20413
20425
20427
20434
20436
20438
20440
20444
20450
20453
20461
20463
20471
20471
20478
20479
20488
20504
20504
20506
20519
20533
20534
20534
20550
20589
20593
20596
20596
20597
20604
20607
20617
20618
20633
20649
20664
20679
20684
20691
20697
20702
20703
20716
20722
20737
20742
20743
20750
20753
20770
20770
20779
20783
20783
20784
20788
20792
20795
20797
20800
20804
20823
20826
20844
20855
20864
20866
20870
20876
20876
20878
20880
20880
20885
20893
20901
20907
20924
20927
20929
20931
20932
20943
20946
20951
20971
20973
20985
20996
20997
21004
21004
21009
21009
21013
21014
21014
21018
21019
21025
21025
21029
21047
21064
21066
21076
21082
21093
21097
21098
21135
21135
21140
21148
21153
21154
21155
21156
21162
21164
21168
21169
21177
21188
21203
21219
21223
21225
21228
21244
21246
21250
21252
21253
21265
21275
21279
21294
21295
21295
21297
21300
21303
21305
21307
21310
21319
21323
21326
21332
21333
21340
21341
21378
21390
21397
21403
21408
21428
21429
21438
21440
21441
21455
21464
21466
21467
21497
21503
21517
21522
21525
21535
21538
21540
21542
21544
21545
21547
21549
21554
21562
21567
21593
21613
21625
21625
21628
21636
21641
21646
21647
21648
21649
21658
21661
21666
21670
21673
21680
21680
21684
21689
21691
21699
21701
21704
21710
21710
21710
21737
21747
21754
21754
21761
21777
21781
21797
21808
21808
21811
21822
21829
21829
21838
21860
21865
21880
21883
21884
21889
21890
21894
21900
21906
21911
21928
21928
21941
21963
21965
21974
21974
21977
21979
21981
21993
21996
21996
22000
22008
22022
22032
22039
22042
22043
22051
22063
22097
22098
22099
22099
22101
22118
22124
22128
22133
22139
22141
22143
22150
22153
22153
22160
22164
22165
22171
22179
22181
22183
22184
22186
22194
22198
22220
22221
22230
22234
22239
22248
22250
22253
22256
22257
22271
22302
22305
22310
22321
22341
22345
22357
22358
22360
22380
22394
22399
22407
22415
22419
22420
22422
22422
22425
22431
22448
22453
22454
22471
22474
22492
22498
22502
22503
22506
22506
22519
22540
22544
22551
22551
22553
22556
22559
22562
22564
22574
22580
22584
22586
22589
22589
22598
22600
22640
22653
22659
22662
22675
22681
22701
22709
22724
22728
22730
22736
22744
22749
22751
22761
22782
22799
22801
22801
22809
22810
22815
22818
22822
22823
22837
22855
22877
22892
22901
22910
22921
22922
22943
22948
22963
22967
22968
22973
22983
22988
23005
23008
23011
23018
23023
23050
23051
23062
23068
23074
23074
23078
23082
23086
23097
23109
23116
23122
23130
23135
23150
23163
23185
23186
23189
23193
23195
23197
23198
23199
23206
23212
23213
23218
23226
23229
23239
23245
23253
23258
23267
23284
23285
23286
23287
23305
23317
23326
23327
23329
23336
23337
23338
23345
23346
23359
23365
23384
23388
23392
23401
23407
23409
23414
23424
23424
23427
23436
23441
23451
23460
23465
23468
23471
23475
23478
23487
23496
23504
23505
23515
23524
23530
23535
23537
23540
23550
23564
23569
23571
23572
23575
23584
23599
23600
23602
23611
23620
23621
23638
23649
23650
23653
23655
23661
23664
23666
23670
23672
23688
23694
23701
23705
23706
23706
23713
23715
23716
23728
23738
23747
23757
23787
23793
23794
23795
23804
23805
23806
23807
23815
23817
23819
23830
23851
23861
23864
23868
23870
23881
23883
23893
23893
23895
23901
23905
23915
23949
23952
23955
23956
23961
23968
23973
23976
23977
23985
23988
23990
24007
24008
24014
24033
24040
24041
24043
24045
24046
24064
24066
24073
24075
24076
24081
24083
24085
24093
24096
24122
24128
24130
24152
24168
24169
24175
24183
24185
24198
24220
24248
24251
24254
24255
24267
24271
24274
24293
24295
24296
24306
24321
24340
24344
24347
24358
24362
24369
24375
24383
24384
24386
24390
24409
24409
24415
24415
24422
24428
24428
24436
24442
24458
24459
24465
24469
24494
24522
24533
24539
24541
24545
24561
24566
24572
24574
24578
24585
24588
24594
24596
24599
24618
24623
24626
24630
24645
24651
24655
24657
24662
24664
24668
24683
24690
24721
24722
24726
24741
24745
24752
24773
24793
24800
24804
24812
24814
24817
24820
24822
24824
24828
24829
24835
24843
24856
24856
24857
24870
24870
24877
24905
24914
24915
24916
24923
24937
24938
24938
24942
24948
24954
24955
24956
24957
24958
24959
24960
24962
24963
24965
24966
24972
24973
24978
24980
24980
24981
24985
25010
25018
25018
25049
25049
25051
25052
25053
25058
25072
25104
25107
25115
25117
25122
25134
25136
25146
25146
25147
25161
25175
25179
25185
25210
25216
25216
25227
25234
25236
25240
25245
25245
25246
25255
25255
25257
25259
25260
25262
25277
25282
25288
25291
25303
25303
25323
25326
25329
25337
25340
25344
25360
25377
25382
25383
25384
25396
25413
25419
25423
25424
25428
25431
25434
25440
25444
25448
25448
25450
25450
25452
25454
25457
25458
25468
25487
25495
25497
25503
25510
25516
25519
25522
25526
25558
25572
25575
25583
25587
25599
25603
25613
25622
25634
25636
25646
25674
25679
25679
25680
25684
25690
25708
25708
25724
25725
25735
25745
25752
25755
25755
25756
25760
25763
25779
25781
25782
25796
25797
25804
25821
25827
25839
25842
25861
25864
25883
25888
25901
25915
25923
25929
25930
25934
25934
25942
25950
25954
25972
25973
25976
25985
25988
26008
26030
26036
26038
26044
26052
26058
26059
26061
26068
26083
26095
26098
26101
26106
26114
26130
26135
26139
26147
26150
26159
26161
26164
26174
26175
26179
26197
26203
26214
26217
26218
26229
26240
26240
26244
26249
26253
26268
26270
26285
26308
26311
26317
26320
26329
26335
26342
26342
26345
26349
26350
26353
26356
26357
26358
26359
26375
26376
26381
26383
26393
26396
26422
26433
26433
26438
26443
26445
26448
26454
26463
26472
26481
26482
26482
26487
26503
26506
26508
26520
26521
26533
26536
26537
26542
26545
26548
26549
26561
26564
26565
26567
26569
26574
26578
26581
26597
26603
26609
26609
26619
26624
26639
26641
26646
26651
26657
26665
26668
26670
26670
26670
26671
26671
26676
26677
26696
26710
26710
26714
26715
26717
26726
26727
26729
26736
26737
26751
26752
26754
26759
26764
26767
26771
26782
26792
26793
26793
26795
26803
26814
26832
26836
26846
26852
26853
26854
26854
26861
26862
26870
26880
26886
26889
26898
26908
26909
26917
26917
26920
26931
26931
26932
26942
26948
26957
26967
26970
26974
26978
26985
26994
27003
27006
27008
27014
27020
27070
27076
27079
27079
27080
27081
27088
27093
27101
27119
27124
27125
27133
27146
27165
27168
27182
27196
27200
27227
27246
27254
27264
27272
27282
27296
27297
27299
27300
27306
27309
27311
27312
27315
27328
27331
27332
27336
27336
27338
27340
27346
27355
27363
27367
27367
27372
27373
27374
27375
27377
27383
27394
27403
27405
27411
27412
27425
27432
27447
27449
27452
27476
27486
27497
27506
27512
27515
27521
27523
27526
27529
27541
27544
27557
27560
27562
27563
27578
27582
27583
27583
27586
27587
27596
27615
27618
27619
27627
27629
27630
27647
27650
27651
27652
27657
27661
27666
27667
27672
27690
27704
27704
27706
27713
27715
27719
27729
27730
27743
27746
27750
27751
27751
27752
27754
27761
27783
27805
27810
27841
27845
27860
27884
27890
27894
27897
27902
27903
27905
27911
27912
27913
27913
27915
27919
27926
27929
27937
27939
27960
27970
28001
28007
28015
28018
28023
28026
28032
28035
28041
28045
28045
28049
28061
28066
28072
28075
28077
28077
28081
28093
28096
28101
28107
28112
28112
28113
28115
28115
28120
28129
28142
28153
28158
28162
28162
28162
28168
28169
28171
28173
28185
28185
28187
28195
28198
28206
28215
28221
28243
28245
28245
28245
28250
28251
28253
28268
28271
28275
28285
28301
28314
28315
28318
28319
28323
28325
28334
28342
28348
28358
28362
28365
28367
28370
28371
28372
28377
28390
28399
28409
28412
28420
28422
28427
28428
28439
28442
28449
28451
28459
28472
28477
28481
28493
28495
28500
28520
28531
28534
28539
28543
28543
28550
28551
28558
28578
28588
28595
28603
28609
28627
28630
28641
28643
28647
28648
28655
28667
28680
28702
28710
28711
28716
28729
28737
28741
28776
28780
28784
28786
28788
28788
28815
28819
28822
28826
28843
28843
28850
28856
28862
28863
28867
28869
28870
28888
28900
28923
28926
28932
28932
28937
28940
28946
28948
28966
28994
29000
29008
29014
29027
29029
29035
29044
29063
29068
29073
29074
29085
29091
29104
29113
29116
29118
29120
29122
29124
29126
29132
29135
29135
29140
29144
29173
29174
29179
29199
29203
29206
29217
29221
29224
29225
29225
29229
29232
29234
29235
29238
29239
29242
29256
29262
29268
29274
29291
29292
29294
29308
29310
29314
29324
29343
29344
29348
29352
29378
29381
29386
29386
29388
29394
29397
29400
29409
29413
29414
29418
29423
29432
29432
29435
29439
29440
29446
29447
29466
29473
29476
29478
29479
29487
29490
29492
29493
29497
29527
29530
29557
29560
29563
29565
29569
29572
29574
29580
29585
29587
29595
29595
29608
29610
29610
29621
29626
29649
29654
29659
29671
29676
29678
29687
29692
29692
29696
29707
29725
29726
29729
29741
29751
29760
29761
29779
29781
29783
29784
29787
29792
29819
29821
29837
29850
29855
29860
29896
29898
29913
29917
29937
29938
29941
29943
29944
29947
29959
29963
29966
29970
29973
29979
29991
30010
30019
30034
30048
30052
30060
30063
30079
30082
30095
30097
30105
30109
30113
30117
30123
30125
30152
30164
30166
30172
30180
30182
30183
30187
30187
30206
30217
30225
30228
30229
30241
30243
30246
30252
30261
30262
30266
30273
30280
30286
30286
30288
30290
30295
30299
30305
30308
30318
30324
30325
30332
30337
30349
30354
30356
30370
30382
30383
30394
30396
30404
30404
30410
30412
30422
30442
30452
30453
30453
30454
30457
30462
30463
30465
30465
30472
30477
30477
30482
30487
30495
30497
30502
30508
30539
30541
30546
30551
30553
30567
30569
30575
30576
30576
30595
30605
30606
30608
30608
30619
30624
30641
30641
30647
30652
30654
30677
30694
30715
30723
30731
30734
30738
30754
30759
30760
30762
30769
30780
30784
30788
30790
30816
30820
30823
30840
30849
30851
30852
30862
30864
30869
30895
30903
30903
30906
30913
30916
30921
30926
30948
30950
30962
30966
30978
30985
31012
31019
31025
31032
31032
31038
31056
31059
31068
31072
31079
31080
31083
31104
31104
31106
31113
31122
31124
31126
31129
31138
31138
31140
31140
31143
31146
31151
31151
31152
31155
31156
31161
31166
31173
31176
31177
31178
31179
31179
31181
31190
31198
31209
31231
31236
31243
31249
31260
31267
31276
31276
31281
31281
31287
31312
31319
31333
31334
31352
31355
31372
31383
31387
31393
31403
31403
31405
31434
31435
31441
31448
31456
31466
31468
31470
31478
31480
31482
31483
31484
31486
31496
31525
31539
31545
31549
31554
31554
31562
31563
31568
31576
31583
31595
31597
31607
31613
31616
31618
31639
31641
31652
31653
31658
31662
31663
31668
31670
31671
31678
31679
31682
31685
31687
31694
31701
31702
31707
31708
31715
31717
31730
31740
31752
31758
31768
31771
31778
31781
31783
31784
31787
31794
31795
31797
31797
31807
31807
31823
31832
31842
31844
31848
31850
31855
31866
31870
31880
31893
31894
31894
31898
31912
31912
31917
31929
31937
31949
31954
31965
31965
31966
31977
31980
31982
31987
31987
32005
32016
32028
32033
32036
32036
32037
32037
32053
32053
32056
32061
32069
32076
32076
32087
32095
32099
32109
32110
32112
32116
32123
32135
32142
32149
32156
32158
32159
32165
32167
32181
32187
32193
32209
32211
32234
32238
32247
32253
32254
32255
32259
32274
32287
32288
32301
32311
32325
32336
32341
32348
32366
32371
32382
32385
32403
32408
32413
32418
32421
32430
32431
32434
32442
32466
32479
32482
32488
32493
32496
32506
32507
32511
32513
32513
32513
32518
32522
32541
32546
32549
32556
32556
32560
32561
32561
32576
32603
32603
32606
32610
32617
32618
32627
32628
32628
32633
32634
32638
32649
32650
32655
32657
32661
32669
32671
32672
32673
32689
32689
32691
32710
32718
32725
32726
32727
32736
32736
32739
32740
32744
32745
32747
32750
32752
32763
