8
24
26
59
70
147
218
283
283
335
367
392
498
503
520
539
548
565
630
666
671
683
711
817
850
869
900
942
954
1049
1161
1163
1170
1200
1212
1244
1286
1290
1369
1459
1516
1538
1558
1562
1680
1704
1818
1832
1920
1980
2008
2014
2031
2046
2064
2069
2108
2122
2136
2136
2154
2203
2317
2327
2367
2369
2397
2414
2426
2471
2473
2525
2589
2623
2652
2674
2700
2729
2752
2778
2778
2792
2797
2825
2839
2854
2859
2878
2904
2923
2929
2945
2951
2959
2992
2995
3003
3033
3053
3058
3109
3125
3180
3180
3184
3186
3199
3203
3264
3377
3385
3394
3406
3409
3467
3472
3489
3506
3512
3530
3564
3587
3675
3716
3722
3730
3787
3836
3855
3893
3910
3923
3930
3996
3997
4012
4051
4066
4096
4143
4188
4193
4259
4260
4263
4288
4322
4341
4364
4395
4396
4490
4517
4609
4629
4642
4668
4746
4795
4916
4992
5017
5025
5028
5241
5312
5321
5329
5345
5458
5482
5488
5517
5530
5608
5708
5721
5816
5836
5838
5951
6069
6082
6143
6151
6164
6252
6269
6271
6319
6342
6400
6471
6502
6506
6555
6558
6646
6697
6718
6722
6723
6730
6748
6767
6785
6839
6877
6926
6932
6961
6990
6996
6998
7004
7099
7147
7148
7153
7168
7227
7248
7323
7401
7411
7413
7432
7529
7597
7657
7679
7696
7706
7724
7739
7746
7773
7797
7811
7838
7867
7869
7944
7962
7982
8008
8031
8055
8089
8207
8294
8320
8325
8373
8472
8476
8480
8488
8493
8554
8669
8681
8741
8762
8764
8813
8825
8862
8899
8930
8957
8998
9037
9055
9121
9160
9261
9289
9306
9307
9342
9476
9477
9507
9550
9564
9581
9581
9609
9647
9683
9703
9772
9803
9803
9856
9861
9866
9881
9921
9949
9951
9964
9997
10001
10013
10052
10072
10081
10090
10091
10107
10128
10141
10242
10245
10259
10259
10259
10275
10300
10342
10488
10601
10606
10635
10652
10699
10823
10899
10903
10916
10917
11023
11039
11125
11157
11176
11297
11304
11310
11363
11433
11468
11468
11469
11538
11581
11583
11640
11686
11687
11691
11716
11742
11745
11790
11815
11862
11874
11884
11896
12034
12036
12046
12087
12103
12110
12160
12296
12325
12351
12424
12434
12438
12443
12493
12501
12506
12512
12514
12565
12570
12647
12649
12652
12695
12697
12707
12724
12760
12774
12902
12907
12919
12923
12960
12994
13000
13040
13041
13045
13078
13079
13083
13199
13209
13222
13255
13331
13395
13410
13513
13542
13549
13576
13588
13605
13621
13631
13658
13770
13775
13782
13867
13885
13911
13977
13989
13990
14020
14036
14043
14087
14102
14182
14231
14233
14243
14295
14304
14313
14328
14338
14374
14444
14445
14468
14550
14645
14648
14662
14697
14739
14766
14804
14819
14847
14867
14869
14916
14986
15004
15088
15109
15122
15142
15243
15259
15262
15265
15269
15299
15343
15372
15427
15461
15476
15495
15529
15550
15675
15727
15803
15881
15925
15925
15999
16055
16082
16085
16093
16162
16202
16243
16246
16268
16329
16347
16353
16389
16402
16488
16517
16533
16546
16582
16594
16631
16663
16711
16738
16856
16871
16883
16938
16956
16983
17044
17051
17087
17119
17163
17205
17220
17322
17329
17333
17345
17346
17351
17357
17371
17507
17566
17570
17627
17635
17732
17735
17780
17786
17788
17816
17817
17819
17842
17853
17866
17867
17881
17884
17887
17891
17894
17914
17936
18019
18042
18067
18070
18112
18153
18153
18180
18187
18195
18204
18241
18256
18275
18275
18295
18332
18334
18408
18412
18450
18472
18477
18500
18520
18524
18543
18557
18567
18599
18601
18605
18633
18656
18681
18715
18751
18766
18770
18785
18867
18906
18963
18976
19018
19023
19056
19063
19146
19157
19183
19215
19218
19236
19264
19269
19332
19346
19348
19409
19414
19415
19418
19420
19424
19456
19468
19480
19537
19622
19693
19724
19764
19772
19806
19808
19853
19890
19899
19925
20101
20115
20154
20154
20171
20238
20248
20321
20321
20334
20374
20418
20472
20474
20476
20529
20530
20539
20578
20585
20595
20602
20632
20648
20670
20766
20790
20811
20818
20828
20889
20902
20904
21115
21158
21179
21190
21220
21227
21265
21301
21429
21458
21479
21485
21690
21715
21752
21763
21774
21805
21841
21865
21938
21956
21972
22030
22050
22070
22119
22124
22125
22164
22185
22226
22283
22321
22333
22372
22423
22493
22501
22520
22535
22559
22615
22653
22702
22713
22789
22828
22884
22958
22969
23023
23068
23103
23139
23191
23215
23394
23410
23430
23452
23471
23473
23497
23506
23537
23579
23593
23640
23751
23780
23781
23801
23820
23894
23941
23955
24081
24083
24101
24114
24116
24132
24252
24252
24414
24414
24445
24466
24492
24604
24608
24633
24639
24669
24676
24708
24712
24733
24741
24748
24771
24784
24844
24846
24859
24888
24928
24950
25011
25041
25068
25114
25119
25150
25210
25226
25279
25282
25293
25308
25433
25609
25732
25740
25755
25775
25777
25785
25795
25873
25906
25918
25931
25935
25955
25958
26153
26165
26199
26200
26264
26284
26284
26294
26295
26299
26301
26315
26536
26604
26628
26635
26635
26639
26641
26684
26719
26722
26811
26827
26840
26857
26888
26918
26925
27023
27026
27048
27053
27163
27174
27206
27211
27227
27296
27352
27396
27401
27658
27744
27770
27782
27795
27835
27869
27882
27883
28126
28174
28221
28264
28285
28356
28384
28473
28494
28552
28558
28571
28585
28615
28667
28713
28751
28781
28799
28821
28830
28857
28940
28977
29046
29087
29129
29225
29323
29332
29337
29371
29396
29435
29499
29505
29519
29540
29639
29655
29701
29704
29706
29812
29823
29827
29832
29839
29847
29930
29980
30021
30041
30061
30111
30114
30158
30182
30217
30234
30244
30246
30258
30300
30335
30404
30420
30461
30471
30519
30551
30618
30624
30648
30681
30687
30835
30837
30840
30841
30889
30891
30932
30963
30988
30991
31002
31020
31025
31069
31147
31197
31210
31236
31240
31244
31271
31299
31353
31357
31391
31469
31473
31508
31567
31569
31633
31655
31655
31743
31778
31800
31822
31825
31837
31926
31976
32005
32013
32041
32043
32104
32177
32199
32223
32285
32294
32304
32308
32384
32474
32476
32503
32544
32565
32570
32591
32605
32613
32743
32759
32764
