32565
32416
32377
32159
31909
31350
31209
31128
31015
30918
30383
30359
30059
29960
29526
29496
29430
29368
28296
28275
28228
27122
25995
25928
25851
25845
25799
25775
25477
25314
25084
24096
24025
23585
23423
23339
23134
22796
22543
22107
22092
21492
21100
20561
19947
19653
19606
19539
18888
18857
18646
18523
17913
17887
17286
17135
16974
16801
16598
16371
16284
16062
15702
13831
13769
13699
12432
12150
11914
11273
11240
11019
10722
10541
10008
9472
9261
8371
8075
7839
6729
5562
5513
5419
5205
5139
4839
4646
3543
3160
2445
2300
1163
1112
1090
706
587
523
420
378
